Date,Open,High,Low,Close,Adj Close,Volume,Dividends,Stock Splits,RawSymbol,YahooSymbol
2005-11-16,7.800000190734863,8.842000007629395,7.711999893188477,7.849999904632568,6.72039270401001,97759000,0.0,0.0,ICE,ICE
2005-11-17,8.0600004196167,8.350000381469727,6.800000190734863,7.050000190734863,6.035510540008545,34308500,0.0,0.0,ICE,ICE
2005-11-18,7.239999771118164,7.389999866485596,6.912000179290772,7.0,5.9927077293396,12810000,0.0,0.0,ICE,ICE
2005-11-21,7.050000190734863,7.191999912261963,6.964000225067139,7.179999828338623,6.146803855895996,6404000,0.0,0.0,ICE,ICE
2005-11-22,7.090000152587891,7.0920000076293945,6.860000133514404,6.989999771118164,5.984143733978272,6533000,0.0,0.0,ICE,ICE
2005-11-23,6.940000057220459,6.989999771118164,6.309999942779541,6.789999961853027,5.812924861907959,12421000,0.0,0.0,ICE,ICE
2005-11-25,6.75,6.889999866485596,6.730000019073486,6.829999923706055,5.84716796875,1316000,0.0,0.0,ICE,ICE
2005-11-28,6.78000020980835,6.78000020980835,6.510000228881836,6.659999847412109,5.701632499694824,3155000,0.0,0.0,ICE,ICE
2005-11-29,6.659999847412109,6.697999954223633,6.254000186920166,6.394000053405762,5.473909378051758,4477500,0.0,0.0,ICE,ICE
2005-11-30,6.420000076293945,6.48199987411499,6.320000171661377,6.460000038146973,5.530411243438721,3894500,0.0,0.0,ICE,ICE
2005-12-01,6.460000038146973,7.039999961853027,6.429999828338623,7.0,5.9927077293396,5688500,0.0,0.0,ICE,ICE
2005-12-02,7.0,7.260000228881836,6.980000019073486,7.21999979019165,6.181048393249512,5120000,0.0,0.0,ICE,ICE
2005-12-05,7.236000061035156,7.489999771118164,7.236000061035156,7.361999988555908,6.302614688873291,4592500,0.0,0.0,ICE,ICE
2005-12-06,7.361999988555908,7.521999835968018,7.289999961853027,7.315999984741211,6.263235569000244,3202500,0.0,0.0,ICE,ICE
2005-12-07,7.329999923706055,7.329999923706055,6.900000095367432,7.090000152587891,6.069755554199219,2473000,0.0,0.0,ICE,ICE
2005-12-08,7.139999866485596,7.25600004196167,7.110000133514404,7.199999809265137,6.163926124572754,1823500,0.0,0.0,ICE,ICE
2005-12-09,7.199999809265137,7.291999816894531,7.156000137329102,7.239999771118164,6.198170185089111,808000,0.0,0.0,ICE,ICE
2005-12-12,7.289999961853027,7.300000190734863,7.210000038146973,7.289999961853027,6.240975856781006,953500,0.0,0.0,ICE,ICE
2005-12-13,7.288000106811523,7.288000106811523,7.102000236511231,7.118000030517578,6.093726634979248,1843000,0.0,0.0,ICE,ICE
2005-12-14,7.099999904632568,7.139999866485596,6.960000038146973,7.0,5.9927077293396,1422000,0.0,0.0,ICE,ICE
2005-12-15,6.989999771118164,6.989999771118164,6.730000019073486,6.800000190734863,5.821486949920654,3273000,0.0,0.0,ICE,ICE
2005-12-16,6.769999980926514,6.8979997634887695,6.699999809265137,6.8379998207092285,5.85401725769043,8170500,0.0,0.0,ICE,ICE
2005-12-19,6.800000190734863,6.880000114440918,6.771999835968018,6.874000072479248,5.884837627410889,2242000,0.0,0.0,ICE,ICE
2005-12-20,6.923999786376953,7.081999778747559,6.880000114440918,6.98799991607666,5.982434272766113,2423500,0.0,0.0,ICE,ICE
2005-12-21,6.980000019073486,7.0,6.909999847412109,6.958000183105469,5.956748008728027,916500,0.0,0.0,ICE,ICE
2005-12-22,6.958000183105469,6.958000183105469,6.860000133514404,6.940000057220459,5.941341876983643,1171000,0.0,0.0,ICE,ICE
2005-12-23,6.889999866485596,6.938000202178955,6.811999797821045,6.849999904632568,5.864291667938232,985000,0.0,0.0,ICE,ICE
2005-12-27,6.900000095367432,7.090000152587891,6.900000095367432,7.050000190734863,6.035510540008545,1214000,0.0,0.0,ICE,ICE
2005-12-28,7.050000190734863,7.090000152587891,7.00600004196167,7.015999794006348,6.006402492523193,581000,0.0,0.0,ICE,ICE
2005-12-29,6.980000019073486,7.24399995803833,6.980000019073486,7.228000164031982,6.187897682189941,1076500,0.0,0.0,ICE,ICE
2005-12-30,7.25,7.269999980926514,7.090000152587891,7.269999980926514,6.223854064941406,923500,0.0,0.0,ICE,ICE
2006-01-03,7.300000190734863,7.650000095367432,7.199999809265137,7.572000026702881,6.482396125793457,2993000,0.0,0.0,ICE,ICE
2006-01-04,7.579999923706055,7.579999923706055,7.271999835968018,7.380000114440918,6.318022727966309,1196500,0.0,0.0,ICE,ICE
2006-01-05,7.639999866485596,7.947999954223633,7.639999866485596,7.861999988555908,6.730665683746338,3478500,0.0,0.0,ICE,ICE
2006-01-06,7.849999904632568,8.079999923706055,7.820000171661377,8.064000129699707,6.903597354888916,2306500,0.0,0.0,ICE,ICE
2006-01-09,8.199999809265137,8.857999801635742,8.180000305175781,8.722000122070312,7.466912269592285,8702000,0.0,0.0,ICE,ICE
2006-01-10,8.67199993133545,9.359999656677246,8.67199993133545,9.20199966430664,7.877838134765625,8667500,0.0,0.0,ICE,ICE
2006-01-11,9.29800033569336,9.640000343322754,9.06999969482422,9.383999824523926,8.033652305603027,7560000,0.0,0.0,ICE,ICE
2006-01-12,9.468000411987305,9.56999969482422,8.652000427246094,8.791999816894531,7.526838779449463,4841500,0.0,0.0,ICE,ICE
2006-01-13,8.741999626159668,8.92199993133545,8.600000381469727,8.90999984741211,7.627859115600586,2010500,0.0,0.0,ICE,ICE
2006-01-17,9.100000381469728,9.399999618530272,9.0,9.276000022888184,7.941193580627441,2609500,0.0,0.0,ICE,ICE
2006-01-18,9.270000457763672,9.270000457763672,9.0,9.156000137329102,7.83845853805542,1397500,0.0,0.0,ICE,ICE
2006-01-19,9.140000343322754,9.5600004196167,8.800000190734863,9.489999771118164,8.12440013885498,3307000,0.0,0.0,ICE,ICE
2006-01-20,9.600000381469728,9.682000160217283,9.248000144958496,9.260000228881836,7.927492618560791,2309500,0.0,0.0,ICE,ICE
2006-01-23,9.260000228881836,9.564000129699709,9.22599983215332,9.553999900817873,8.179186820983887,1744500,0.0,0.0,ICE,ICE
2006-01-24,9.54800033569336,10.678000450134276,9.381999969482422,10.555999755859377,9.037001609802246,5615000,0.0,0.0,ICE,ICE
2006-01-25,10.699999809265137,11.034000396728516,10.029999732971191,10.600000381469728,9.07466983795166,7019000,0.0,0.0,ICE,ICE
2006-01-26,10.649999618530272,10.829999923706056,10.44200038909912,10.489999771118164,8.980498313903809,2424000,0.0,0.0,ICE,ICE
2006-01-27,10.010000228881836,10.515999794006348,9.711999893188477,10.20199966430664,8.733941078186035,6929000,0.0,0.0,ICE,ICE
2006-01-30,10.050000190734863,10.239999771118164,9.65999984741211,9.824000358581545,8.410333633422852,2970000,0.0,0.0,ICE,ICE
2006-01-31,9.824000358581545,10.199999809265137,9.21399974822998,10.163999557495115,8.701411247253418,6552500,0.0,0.0,ICE,ICE
2006-02-01,10.5,11.404000282287598,10.380000114440918,11.12600040435791,9.524977684020996,7184500,0.0,0.0,ICE,ICE
2006-02-02,11.079999923706056,11.597999572753906,10.612000465393066,11.039999961853027,9.45135498046875,10589500,0.0,0.0,ICE,ICE
2006-02-03,11.239999771118164,11.68000030517578,11.062000274658203,11.10200023651123,9.50443172454834,5790500,0.0,0.0,ICE,ICE
2006-02-06,11.460000038146973,11.460000038146973,10.944000244140623,11.142000198364258,9.538676261901855,3958000,0.0,0.0,ICE,ICE
2006-02-07,11.109999656677246,11.229999542236328,10.281999588012695,10.6899995803833,9.15171718597412,3575000,0.0,0.0,ICE,ICE
2006-02-08,10.899999618530272,10.960000038146973,10.520000457763672,10.696000099182127,9.156855583190918,1954000,0.0,0.0,ICE,ICE
2006-02-09,10.746000289916992,10.866000175476074,10.555999755859377,10.597999572753906,9.072955131530762,2131500,0.0,0.0,ICE,ICE
2006-02-10,10.64799976348877,10.64799976348877,9.791999816894531,10.345999717712402,8.857217788696289,3580500,0.0,0.0,ICE,ICE
2006-02-13,10.199999809265137,10.729999542236328,10.199999809265137,10.54800033569336,9.0301513671875,1660500,0.0,0.0,ICE,ICE
2006-02-14,10.54800033569336,10.597999572753906,10.342000007629396,10.395999908447266,8.900026321411133,1478000,0.0,0.0,ICE,ICE
2006-02-15,10.399999618530272,10.461999893188477,10.315999984741213,10.395999908447266,8.900026321411133,882000,0.0,0.0,ICE,ICE
2006-02-16,10.446000099182127,10.470000267028809,10.215999603271484,10.314000129699709,8.829826354980469,848000,0.0,0.0,ICE,ICE
2006-02-17,10.350000381469728,10.38599967956543,10.029999732971191,10.272000312805176,8.793866157531738,1626500,0.0,0.0,ICE,ICE
2006-02-21,10.27400016784668,10.277999877929688,9.75,9.928000450134276,8.499370574951172,2389500,0.0,0.0,ICE,ICE
2006-02-22,9.82800006866455,9.968000411987305,9.630000114440918,9.845999717712402,8.429170608520508,3314500,0.0,0.0,ICE,ICE
2006-02-23,10.039999961853027,10.380000114440918,9.79800033569336,9.979999542236328,8.5438871383667,7781500,0.0,0.0,ICE,ICE
2006-02-24,10.359999656677246,11.149999618530272,10.359999656677246,10.899999618530272,9.331500053405762,11018000,0.0,0.0,ICE,ICE
2006-02-27,11.0,11.4399995803833,10.86400032043457,11.369999885559082,9.733868598937988,4822000,0.0,0.0,ICE,ICE
2006-02-28,11.31999969482422,11.579999923706056,10.8100004196167,10.949999809265137,9.37430477142334,4038000,0.0,0.0,ICE,ICE
2006-03-01,11.0,11.369999885559082,11.0,11.35200023651123,9.718453407287598,3081000,0.0,0.0,ICE,ICE
2006-03-02,11.31999969482422,11.883999824523926,11.157999992370604,11.871999740600586,10.16362762451172,4253000,0.0,0.0,ICE,ICE
2006-03-03,12.100000381469728,12.592000007629396,12.0,12.119999885559082,10.375941276550291,6878500,0.0,0.0,ICE,ICE
2006-03-06,12.300000190734863,12.600000381469728,12.013999938964844,12.26200008392334,10.497509002685549,4600500,0.0,0.0,ICE,ICE
2006-03-07,12.26200008392334,12.26200008392334,11.833999633789062,12.0,10.273211479187012,3193000,0.0,0.0,ICE,ICE
2006-03-08,12.199999809265137,12.20400047302246,11.75,11.838000297546388,10.134523391723633,5132500,0.0,0.0,ICE,ICE
2006-03-09,11.887999534606934,12.899999618530272,11.887999534606934,12.79800033569336,10.956376075744627,5446500,0.0,0.0,ICE,ICE
2006-03-10,12.79800033569336,13.47599983215332,12.53600025177002,13.428000450134276,11.495722770690918,7088000,0.0,0.0,ICE,ICE
2006-03-13,13.649999618530272,14.300000190734863,13.484000205993652,14.255999565124512,12.20457649230957,9415500,0.0,0.0,ICE,ICE
2006-03-14,14.300000190734863,14.4399995803833,13.605999946594238,13.723999977111816,11.749125480651855,9242500,0.0,0.0,ICE,ICE
2006-03-15,13.75,14.218000411987305,13.5,13.857999801635742,11.863842010498049,5496000,0.0,0.0,ICE,ICE
2006-03-16,13.859999656677246,14.038000106811523,13.020000457763672,13.357999801635742,11.435798645019531,7085500,0.0,0.0,ICE,ICE
2006-03-17,13.357999801635742,13.682000160217283,12.880000114440918,13.619999885559082,11.6600923538208,5977000,0.0,0.0,ICE,ICE
2006-03-20,13.8100004196167,14.234000205993652,13.8100004196167,14.234000205993652,12.18573760986328,5575500,0.0,0.0,ICE,ICE
2006-03-21,14.34000015258789,14.718000411987305,13.92199993133545,14.050000190734863,12.028216361999512,6876500,0.0,0.0,ICE,ICE
2006-03-22,13.706000328063965,13.8100004196167,13.131999969482422,13.597999572753906,11.64125633239746,6843500,0.0,0.0,ICE,ICE
2006-03-23,13.550000190734863,13.859999656677246,13.260000228881836,13.40999984741211,11.480310440063477,2925500,0.0,0.0,ICE,ICE
2006-03-24,13.199999809265137,13.657999992370604,13.154000282287598,13.4399995803833,11.50599765777588,2114000,0.0,0.0,ICE,ICE
2006-03-27,13.56999969482422,14.13599967956543,13.45199966430664,13.970000267028809,11.95972728729248,5238500,0.0,0.0,ICE,ICE
2006-03-28,13.970000267028809,14.152000427246094,13.539999961853027,13.720000267028809,11.745704650878906,3080000,0.0,0.0,ICE,ICE
2006-03-29,13.720000267028809,13.9399995803833,13.501999855041504,13.550000190734863,11.600167274475098,1981000,0.0,0.0,ICE,ICE
2006-03-30,13.899999618530272,14.362000465393066,13.854000091552734,14.263999938964844,12.211421012878418,5514000,0.0,0.0,ICE,ICE
2006-03-31,14.350000381469728,14.628000259399414,13.46399974822998,13.8100004196167,11.822749137878418,9687000,0.0,0.0,ICE,ICE
2006-04-03,13.989999771118164,14.020000457763672,12.432000160217283,12.619999885559082,10.803991317749023,10266000,0.0,0.0,ICE,ICE
2006-04-04,12.8100004196167,13.244000434875488,12.12399959564209,13.0,11.129308700561523,9966500,0.0,0.0,ICE,ICE
2006-04-05,13.149999618530272,13.175999641418455,12.381999969482422,12.565999984741213,10.757762908935549,9132500,0.0,0.0,ICE,ICE
2006-04-06,12.565999984741213,12.890000343322754,11.746000289916992,11.960000038146973,10.23896598815918,12852000,0.0,0.0,ICE,ICE
2006-04-07,11.600000381469728,11.600000381469728,10.470000267028809,10.600000381469728,9.07466983795166,24447000,0.0,0.0,ICE,ICE
2006-04-10,10.649999618530272,10.979999542236328,10.522000312805176,10.911999702453612,9.341773986816406,7960000,0.0,0.0,ICE,ICE
2006-04-11,10.970000267028809,11.350000381469728,10.932000160217283,11.321999549865724,9.692773818969728,9023500,0.0,0.0,ICE,ICE
2006-04-12,11.371999740600586,11.574000358581545,10.90999984741211,11.527999877929688,9.869131088256836,7027000,0.0,0.0,ICE,ICE
2006-04-13,11.527999877929688,11.838000297546388,11.31999969482422,11.75,10.05918312072754,4786000,0.0,0.0,ICE,ICE
2006-04-17,11.850000381469728,11.989999771118164,11.503999710083008,11.574000358581545,9.908510208129885,4060000,0.0,0.0,ICE,ICE
2006-04-18,11.800000190734863,13.279999732971191,11.784000396728516,13.232000350952148,11.327925682067873,13185500,0.0,0.0,ICE,ICE
2006-04-19,13.251999855041504,13.913999557495115,12.881999969482422,13.855999946594238,11.862135887145996,11672500,0.0,0.0,ICE,ICE
2006-04-20,13.906000137329102,14.079999923706056,13.456000328063965,14.0,11.9854154586792,8156500,0.0,0.0,ICE,ICE
2006-04-21,14.0,14.100000381469728,13.68000030517578,13.800000190734863,11.81418800354004,4925500,0.0,0.0,ICE,ICE
2006-04-24,13.619999885559082,13.68000030517578,13.350000381469728,13.449999809265137,11.514555931091309,6188500,0.0,0.0,ICE,ICE
2006-04-25,13.300000190734863,13.961999893188477,13.272000312805176,13.961999893188477,11.952878952026367,5205000,0.0,0.0,ICE,ICE
2006-04-26,13.949999809265137,14.095999717712402,13.723999977111816,14.062000274658203,12.038491249084473,4119000,0.0,0.0,ICE,ICE
2006-04-27,13.961999893188477,14.550000190734863,13.656000137329102,14.31999969482422,12.259366035461426,4162500,0.0,0.0,ICE,ICE
2006-04-28,14.199999809265137,14.465999603271484,14.12399959564209,14.26200008392334,12.209712028503418,4768000,0.0,0.0,ICE,ICE
2006-05-01,14.263999938964844,14.263999938964844,13.15999984741211,13.392000198364258,11.464900970458984,7722000,0.0,0.0,ICE,ICE
2006-05-02,13.892000198364258,13.899999618530272,13.109999656677246,13.539999961853027,11.591604232788086,7205500,0.0,0.0,ICE,ICE
2006-05-03,13.5,14.140000343322754,13.460000038146973,14.027999877929688,12.00938606262207,3033500,0.0,0.0,ICE,ICE
2006-05-04,13.97599983215332,14.038000106811523,13.79599952697754,13.802000045776367,11.815903663635254,3575000,0.0,0.0,ICE,ICE
2006-05-05,13.803999900817873,15.0,13.699999809265137,14.842000007629396,12.706250190734863,8049000,0.0,0.0,ICE,ICE
2006-05-08,14.89799976348877,15.906000137329102,14.609999656677246,15.770000457763672,13.500713348388672,9139000,0.0,0.0,ICE,ICE
2006-05-09,15.609999656677246,16.11199951171875,15.399999618530272,15.44200038909912,13.219910621643066,6700500,0.0,0.0,ICE,ICE
2006-05-10,15.402000427246094,15.916000366210938,15.149999618530272,15.562000274658203,13.322644233703612,3869500,0.0,0.0,ICE,ICE
2006-05-11,15.800000190734863,16.479999542236328,15.42199993133545,15.833999633789062,13.555501937866213,6002500,0.0,0.0,ICE,ICE
2006-05-12,15.87600040435791,15.87600040435791,15.020000457763672,15.116000175476074,12.94082260131836,4223000,0.0,0.0,ICE,ICE
2006-05-15,14.989999771118164,15.5600004196167,14.821999549865724,15.281999588012695,13.082931518554688,5013000,0.0,0.0,ICE,ICE
2006-05-16,15.289999961853027,15.444000244140623,14.866000175476074,15.156000137329102,12.975068092346191,2744000,0.0,0.0,ICE,ICE
2006-05-17,15.0,15.010000228881836,13.84000015258789,14.0,11.9854154586792,8265500,0.0,0.0,ICE,ICE
2006-05-18,14.04800033569336,14.43000030517578,13.345999717712402,13.588000297546388,11.632697105407717,7894500,0.0,0.0,ICE,ICE
2006-05-19,13.788000106811523,14.170000076293944,13.383999824523926,14.003999710083008,11.988835334777832,6728500,0.0,0.0,ICE,ICE
2006-05-22,13.588000297546388,13.588000297546388,11.45199966430664,11.925999641418455,10.209856033325195,24043000,0.0,0.0,ICE,ICE
2006-05-23,12.12600040435791,12.380000114440918,11.78600025177002,11.788000106811523,10.091718673706056,11621500,0.0,0.0,ICE,ICE
2006-05-24,11.821999549865724,11.883999824523926,10.63599967956543,10.862000465393066,9.298968315124512,12526000,0.0,0.0,ICE,ICE
2006-05-25,10.998000144958496,11.279999732971191,10.479999542236328,11.199999809265137,9.588333129882812,10506000,0.0,0.0,ICE,ICE
2006-05-26,11.41800022125244,11.54800033569336,11.140000343322754,11.48799991607666,9.834885597229004,6745000,0.0,0.0,ICE,ICE
2006-05-30,11.407999992370604,11.407999992370604,10.576000213623049,10.628000259399414,9.09864330291748,6343500,0.0,0.0,ICE,ICE
2006-05-31,10.722000122070312,11.157999992370604,10.699999809265137,11.140000343322754,9.53696346282959,8712500,0.0,0.0,ICE,ICE
2006-06-01,11.050000190734863,11.27400016784668,10.630000114440918,11.14799976348877,9.543813705444336,7566000,0.0,0.0,ICE,ICE
2006-06-02,11.34000015258789,11.449999809265137,10.77400016784668,10.95400047302246,9.377729415893556,6612000,0.0,0.0,ICE,ICE
2006-06-05,11.18000030517578,11.25,10.279999732971191,10.315999984741213,8.831534385681152,8163000,0.0,0.0,ICE,ICE
2006-06-06,10.31999969482422,10.4399995803833,9.710000038146973,10.071999549865724,8.622647285461426,7579000,0.0,0.0,ICE,ICE
2006-06-07,10.097999572753906,10.359999656677246,9.871999740600586,10.137999534606934,8.67915153503418,4884500,0.0,0.0,ICE,ICE
2006-06-08,9.949999809265137,10.199999809265137,9.140000343322754,9.994000434875488,8.555872917175293,8556000,0.0,0.0,ICE,ICE
2006-06-09,10.25,10.368000030517578,10.03600025177002,10.16800022125244,8.704830169677734,5121000,0.0,0.0,ICE,ICE
2006-06-12,10.218000411987305,10.284000396728516,9.760000228881836,9.800000190734863,8.389787673950195,5649000,0.0,0.0,ICE,ICE
2006-06-13,9.800000190734863,10.039999961853027,9.196000099182127,9.199999809265137,7.876129150390625,5019000,0.0,0.0,ICE,ICE
2006-06-14,9.239999771118164,9.489999771118164,9.053999900817873,9.399999618530272,8.047346115112305,4730500,0.0,0.0,ICE,ICE
2006-06-15,9.5,9.998000144958496,9.460000038146973,9.802000045776367,8.391502380371094,5053500,0.0,0.0,ICE,ICE
2006-06-16,9.64799976348877,10.170000076293944,9.359999656677246,10.118000030517578,8.662028312683105,7662000,0.0,0.0,ICE,ICE
2006-06-19,10.3100004196167,10.3100004196167,9.82800006866455,10.031999588012695,8.588403701782227,4722500,0.0,0.0,ICE,ICE
2006-06-20,10.031999588012695,10.140000343322754,9.727999687194824,9.92199993133545,8.494231224060059,2499500,0.0,0.0,ICE,ICE
2006-06-21,9.960000038146973,10.92199993133545,9.86400032043457,10.741999626159668,9.196233749389648,5212500,0.0,0.0,ICE,ICE
2006-06-22,10.800000190734863,10.824000358581545,10.404000282287598,10.60200023651123,9.076380729675291,3363000,0.0,0.0,ICE,ICE
2006-06-23,10.5,11.04800033569336,10.449999809265137,10.887999534606934,9.321224212646484,3818500,0.0,0.0,ICE,ICE
2006-06-26,10.937999725341797,11.04599952697754,10.715999603271484,10.949999809265137,9.37430477142334,1952000,0.0,0.0,ICE,ICE
2006-06-27,10.958000183105469,10.958000183105469,10.62600040435791,10.710000038146973,9.168840408325195,3021500,0.0,0.0,ICE,ICE
2006-06-28,10.600000381469728,10.670000076293944,10.02400016784668,10.40999984741211,8.912006378173828,3552000,0.0,0.0,ICE,ICE
2006-06-29,10.460000038146973,11.095999717712402,10.460000038146973,11.06999969482422,9.477035522460938,3985000,0.0,0.0,ICE,ICE
2006-06-30,11.18000030517578,11.588000297546388,10.739999771118164,11.588000297546388,9.920496940612791,8582500,0.0,0.0,ICE,ICE
2006-07-03,11.538000106811523,11.93000030517578,11.338000297546388,11.868000030517578,10.160202980041504,3111000,0.0,0.0,ICE,ICE
2006-07-05,11.600000381469728,11.666000366210938,11.18000030517578,11.597999572753906,9.929057121276855,6241500,0.0,0.0,ICE,ICE
2006-07-06,11.597999572753906,11.89799976348877,11.326000213623049,11.513999938964844,9.857150077819824,3361500,0.0,0.0,ICE,ICE
2006-07-07,11.314000129699709,11.486000061035156,10.935999870300291,10.973999977111816,9.394851684570312,4047000,0.0,0.0,ICE,ICE
2006-07-10,10.973999977111816,11.04800033569336,10.54599952697754,10.562000274658203,9.04214096069336,6166000,0.0,0.0,ICE,ICE
2006-07-11,10.562000274658203,11.109999656677246,10.354000091552734,11.100000381469728,9.502717971801758,8526500,0.0,0.0,ICE,ICE
2006-07-12,11.09000015258789,11.937999725341797,11.06999969482422,11.699999809265137,10.016377449035645,9963000,0.0,0.0,ICE,ICE
2006-07-13,11.699999809265137,12.329999923706056,11.541999816894531,11.960000038146973,10.23896598815918,11870500,0.0,0.0,ICE,ICE
2006-07-14,11.911999702453612,12.062000274658203,11.550000190734863,11.92199993133545,10.206435203552246,11385000,0.0,0.0,ICE,ICE
2006-07-17,11.92199993133545,11.92199993133545,11.326000213623049,11.621999740600586,9.949606895446776,9507000,0.0,0.0,ICE,ICE
2006-07-18,11.44200038909912,11.63599967956543,11.109999656677246,11.260000228881836,9.639694213867188,28285000,0.0,0.0,ICE,ICE
2006-07-19,11.380000114440918,11.8100004196167,11.21399974822998,11.755999565124512,10.064322471618652,9992500,0.0,0.0,ICE,ICE
2006-07-20,11.800000190734863,11.989999771118164,11.53600025177002,11.586000442504885,9.918784141540527,5661000,0.0,0.0,ICE,ICE
2006-07-21,11.5600004196167,11.62399959564209,10.956000328063965,11.619999885559082,9.947895050048828,7576500,0.0,0.0,ICE,ICE
2006-07-24,11.770000457763672,12.31999969482422,11.72599983215332,12.149999618530272,10.401626586914062,8118000,0.0,0.0,ICE,ICE
2006-07-25,12.293999671936035,12.300000190734863,11.916000366210938,12.029999732971191,10.298894882202148,4889000,0.0,0.0,ICE,ICE
2006-07-26,12.027999877929688,12.0600004196167,11.404000282287598,11.4399995803833,9.793794631958008,8244500,0.0,0.0,ICE,ICE
2006-07-27,11.479999542236328,11.736000061035156,11.288000106811523,11.399999618530272,9.759552001953123,4263000,0.0,0.0,ICE,ICE
2006-07-28,11.760000228881836,11.817999839782717,11.579999923706056,11.793999671936035,10.09685230255127,6926500,0.0,0.0,ICE,ICE
2006-07-31,11.760000228881836,11.928000450134276,11.586000442504885,11.920000076293944,10.204723358154297,2619500,0.0,0.0,ICE,ICE
2006-08-01,11.81999969482422,11.98799991607666,11.637999534606934,11.824000358581545,10.122535705566406,2487000,0.0,0.0,ICE,ICE
2006-08-02,11.824000358581545,11.93000030517578,11.821999549865724,11.880000114440918,10.170475959777832,2370500,0.0,0.0,ICE,ICE
2006-08-03,11.829999923706056,11.871999740600586,11.550000190734863,11.718000411987305,10.031792640686035,4509000,0.0,0.0,ICE,ICE
2006-08-04,11.850000381469728,11.949999809265137,11.727999687194824,11.892000198364258,10.18074893951416,3209000,0.0,0.0,ICE,ICE
2006-08-07,11.791999816894531,11.887999534606934,11.723999977111816,11.75,10.05918312072754,2429000,0.0,0.0,ICE,ICE
2006-08-08,11.789999961853027,12.07800006866455,11.789999961853027,11.9399995803833,10.221844673156738,3949000,0.0,0.0,ICE,ICE
2006-08-09,11.979999542236328,12.175999641418455,11.95400047302246,11.961999893188477,10.240678787231444,3563500,0.0,0.0,ICE,ICE
2006-08-10,11.920000076293944,12.40999984741211,11.781999588012695,12.29800033569336,10.52833080291748,5616000,0.0,0.0,ICE,ICE
2006-08-11,12.458000183105469,12.458000183105469,11.965999603271484,12.053999900817873,10.319439888000488,3737000,0.0,0.0,ICE,ICE
2006-08-14,12.104000091552734,12.173999786376951,11.899999618530272,12.008000373840332,10.28005599975586,2581500,0.0,0.0,ICE,ICE
2006-08-15,12.0,12.197999954223633,12.0,12.170000076293944,10.418745994567873,3994500,0.0,0.0,ICE,ICE
2006-08-16,12.06999969482422,12.57800006866455,12.06999969482422,12.503999710083008,10.704682350158691,4044000,0.0,0.0,ICE,ICE
2006-08-17,12.489999771118164,12.906000137329102,12.399999618530272,12.767999649047852,10.930696487426758,4913000,0.0,0.0,ICE,ICE
2006-08-18,12.723999977111816,12.890000343322754,12.609999656677246,12.871999740600586,11.019729614257812,2513500,0.0,0.0,ICE,ICE
2006-08-21,12.869999885559082,13.020000457763672,12.706000328063965,12.93000030517578,11.069382667541504,4001500,0.0,0.0,ICE,ICE
2006-08-22,12.932000160217283,12.960000038146973,12.437999725341797,12.484000205993652,10.68756103515625,3108500,0.0,0.0,ICE,ICE
2006-08-23,12.600000381469728,12.736000061035156,12.5,12.505999565124512,10.70639991760254,2539000,0.0,0.0,ICE,ICE
2006-08-24,12.505999565124512,12.53600025177002,12.149999618530272,12.157999992370604,10.408472061157228,2737500,0.0,0.0,ICE,ICE
2006-08-25,12.157999992370604,12.468000411987305,12.157999992370604,12.42199993133545,10.634486198425291,2704000,0.0,0.0,ICE,ICE
2006-08-28,12.42199993133545,12.42199993133545,12.175999641418455,12.276000022888184,10.509493827819824,2708000,0.0,0.0,ICE,ICE
2006-08-29,12.25,12.39799976348877,12.220000267028809,12.390000343322754,10.60708999633789,1600000,0.0,0.0,ICE,ICE
2006-08-30,12.38599967956543,12.789999961853027,12.342000007629396,12.718000411987305,10.887890815734863,4468000,0.0,0.0,ICE,ICE
2006-08-31,12.694000244140623,12.965999603271484,12.597999572753906,12.652000427246094,10.83138942718506,4234500,0.0,0.0,ICE,ICE
2006-09-01,12.70199966430664,12.847999572753906,12.550000190734863,12.729999542236328,10.898164749145508,2447500,0.0,0.0,ICE,ICE
2006-09-05,12.800000190734863,13.15999984741211,12.779999732971191,13.043999671936035,11.166977882385254,5042500,0.0,0.0,ICE,ICE
2006-09-06,12.937999725341797,13.270000457763672,12.93000030517578,13.041999816894531,11.165266036987305,4680500,0.0,0.0,ICE,ICE
2006-09-07,13.0,13.09000015258789,12.789999961853027,12.821999549865724,10.976924896240234,2855500,0.0,0.0,ICE,ICE
2006-09-08,12.842000007629396,13.008000373840332,12.800000190734863,12.814000129699709,10.970077514648438,2335500,0.0,0.0,ICE,ICE
2006-09-11,12.699999809265137,12.85200023651123,12.62399959564209,12.682000160217283,10.85707187652588,3550500,0.0,0.0,ICE,ICE
2006-09-12,12.579999923706056,12.68000030517578,12.461999893188477,12.656000137329102,10.83481788635254,5207000,0.0,0.0,ICE,ICE
2006-09-13,12.779999732971191,13.39799976348877,12.772000312805176,12.944000244140623,11.08137321472168,9162000,0.0,0.0,ICE,ICE
2006-09-14,12.944000244140623,13.23799991607666,12.845999717712402,12.925999641418455,11.065959930419922,5021000,0.0,0.0,ICE,ICE
2006-09-15,13.600000381469728,14.977999687194824,13.449999809265137,14.869999885559082,12.730216979980469,30382000,0.0,0.0,ICE,ICE
2006-09-18,15.01200008392334,15.583999633789062,14.456000328063965,15.229999542236328,13.03841781616211,24093500,0.0,0.0,ICE,ICE
2006-09-19,15.194000244140623,15.315999984741213,14.621999740600586,14.793999671936035,12.665157318115234,10079500,0.0,0.0,ICE,ICE
2006-09-20,14.8100004196167,15.06999969482422,14.423999786376951,14.489999771118164,12.404901504516602,4453500,0.0,0.0,ICE,ICE
2006-09-21,14.479999542236328,15.387999534606934,14.479999542236328,15.37600040435791,13.163408279418944,11229000,0.0,0.0,ICE,ICE
2006-09-22,15.039999961853027,15.22599983215332,14.657999992370604,14.73799991607666,12.617217063903809,5949500,0.0,0.0,ICE,ICE
2006-09-25,14.73799991607666,14.800000190734863,13.859999656677246,13.894000053405762,11.894668579101562,12280500,0.0,0.0,ICE,ICE
2006-09-26,14.0,14.399999618530272,13.62399959564209,14.001999855041504,11.987125396728516,12580000,0.0,0.0,ICE,ICE
2006-09-27,14.07800006866455,14.470000267028809,13.75,14.317999839782717,12.257654190063477,8278000,0.0,0.0,ICE,ICE
2006-09-28,14.314000129699709,14.45199966430664,14.109999656677246,14.432000160217283,12.355249404907228,4873500,0.0,0.0,ICE,ICE
2006-09-29,14.4399995803833,15.229999542236328,14.4399995803833,15.013999938964844,12.85350227355957,11371500,0.0,0.0,ICE,ICE
2006-10-02,14.43000030517578,15.194000244140623,14.43000030517578,14.890000343322754,12.74734115600586,6783000,0.0,0.0,ICE,ICE
2006-10-03,15.109999656677246,15.710000038146973,15.093999862670898,15.44200038909912,13.219910621643066,15588000,0.0,0.0,ICE,ICE
2006-10-04,15.460000038146973,16.31399917602539,15.411999702453612,16.25,13.911638259887695,18027000,0.0,0.0,ICE,ICE
2006-10-05,16.360000610351562,16.860000610351562,16.11400032043457,16.812000274658203,14.392765998840332,11307000,0.0,0.0,ICE,ICE
2006-10-06,16.6299991607666,17.124000549316406,16.371999740600586,17.079999923706055,14.622200965881348,10219500,0.0,0.0,ICE,ICE
2006-10-09,16.700000762939453,17.371999740600586,16.700000762939453,16.983999252319336,14.540013313293455,6013500,0.0,0.0,ICE,ICE
2006-10-10,16.799999237060547,17.488000869750977,16.63599967956543,17.465999603271484,14.95265293121338,11099500,0.0,0.0,ICE,ICE
2006-10-11,17.399999618530273,17.77400016784668,17.20599937438965,17.559999465942383,15.03313446044922,10036000,0.0,0.0,ICE,ICE
2006-10-12,17.559999465942383,17.6299991607666,16.733999252319336,16.780000686645508,14.365375518798828,13162000,0.0,0.0,ICE,ICE
2006-10-13,16.860000610351562,16.898000717163086,16.40999984741211,16.5939998626709,14.206138610839844,12662000,0.0,0.0,ICE,ICE
2006-10-16,16.45199966430664,16.600000381469727,15.35200023651123,15.460000038146973,13.235318183898926,27830500,0.0,0.0,ICE,ICE
2006-10-17,16.280000686645508,16.624000549316406,15.949999809265137,16.333999633789062,13.983551025390623,35360500,0.0,0.0,ICE,ICE
2006-10-18,16.440000534057617,16.483999252319336,16.0,16.375999450683594,14.019509315490724,16060500,0.0,0.0,ICE,ICE
2006-10-19,16.275999069213867,16.327999114990234,16.013999938964844,16.309999465942383,13.963001251220703,9358000,0.0,0.0,ICE,ICE
2006-10-20,16.312000274658203,16.47800064086914,16.15999984741211,16.356000900268555,14.002385139465332,7047000,0.0,0.0,ICE,ICE
2006-10-23,16.357999801635742,16.760000228881836,16.190000534057617,16.48200035095215,14.110259056091309,11321500,0.0,0.0,ICE,ICE
2006-10-24,16.49799919128418,16.871999740600586,16.420000076293945,16.763999938964844,14.35167407989502,9915500,0.0,0.0,ICE,ICE
2006-10-25,16.81399917602539,17.025999069213867,16.600000381469727,16.70800018310547,14.303735733032228,7313000,0.0,0.0,ICE,ICE
2006-10-26,16.670000076293945,17.326000213623047,16.648000717163086,17.134000778198242,14.668431282043455,6712500,0.0,0.0,ICE,ICE
2006-10-27,17.083999633789062,17.23200035095215,16.81999969482422,16.892000198364258,14.461258888244627,6543500,0.0,0.0,ICE,ICE
2006-10-30,16.770000457763672,16.868000030517578,16.257999420166016,16.42799949645996,14.064026832580566,7742000,0.0,0.0,ICE,ICE
2006-10-31,17.0,17.079999923706055,16.503999710083008,16.884000778198242,14.4544095993042,9998000,0.0,0.0,ICE,ICE
2006-11-01,16.979999542236328,17.488000869750977,16.8700008392334,16.979999542236328,14.53658962249756,11351000,0.0,0.0,ICE,ICE
2006-11-02,17.332000732421875,17.461999893188477,16.5,16.65999984741211,14.262639999389648,13449000,0.0,0.0,ICE,ICE
2006-11-03,16.658000946044922,16.81999969482422,16.281999588012695,16.350000381469727,13.997252464294434,6335000,0.0,0.0,ICE,ICE
2006-11-06,16.350000381469727,17.097999572753906,16.31399917602539,16.979999542236328,14.53658962249756,7163500,0.0,0.0,ICE,ICE
2006-11-07,17.218000411987305,17.8439998626709,17.139999389648438,17.423999786376953,14.916698455810549,13303500,0.0,0.0,ICE,ICE
2006-11-08,17.34000015258789,17.833999633789062,17.13599967956543,17.583999633789062,15.053677558898926,8236000,0.0,0.0,ICE,ICE
2006-11-09,17.694000244140625,17.916000366210938,16.690000534057617,16.700000762939453,14.296886444091797,15286500,0.0,0.0,ICE,ICE
2006-11-10,16.70199966430664,17.378000259399414,16.600000381469727,17.02199935913086,14.572542190551758,10232000,0.0,0.0,ICE,ICE
2006-11-13,16.916000366210938,17.75,16.90999984741211,17.700000762939453,15.152982711791992,9567500,0.0,0.0,ICE,ICE
2006-11-14,17.950000762939453,19.511999130249023,17.950000762939453,19.309999465942383,16.531309127807617,28838000,0.0,0.0,ICE,ICE
2006-11-15,19.280000686645508,19.459999084472656,18.6560001373291,19.1299991607666,16.377197265625,20166000,0.0,0.0,ICE,ICE
2006-11-16,19.170000076293945,19.788000106811523,18.670000076293945,18.920000076293945,16.197431564331055,18000500,0.0,0.0,ICE,ICE
2006-11-17,18.78199958801269,21.07999992370605,18.780000686645508,20.239999771118164,17.327486038208008,62613000,0.0,0.0,ICE,ICE
2006-11-20,20.261999130249023,20.81999969482422,19.395999908447266,19.535999298095703,16.724781036376953,28042000,0.0,0.0,ICE,ICE
2006-11-21,19.520000457763672,20.31800079345703,19.1200008392334,20.224000930786133,17.31378936767578,17102500,0.0,0.0,ICE,ICE
2006-11-22,20.34000015258789,20.746000289916992,19.96199989318848,20.224000930786133,17.31378936767578,9818000,0.0,0.0,ICE,ICE
2006-11-24,20.17399978637696,21.00200080871582,19.89999961853028,20.81999969482422,17.824012756347656,8287000,0.0,0.0,ICE,ICE
2006-11-27,20.86400032043457,21.020000457763672,19.56999969482422,20.124000549316406,17.22817611694336,22039000,0.0,0.0,ICE,ICE
2006-11-28,20.124000549316406,20.65999984741211,19.92799949645996,20.16200065612793,17.260709762573242,16608500,0.0,0.0,ICE,ICE
2006-11-29,20.46199989318848,20.63999938964844,19.229999542236328,19.420000076293945,16.625471115112305,21490000,0.0,0.0,ICE,ICE
2006-11-30,19.5,19.93000030517578,19.39999961853028,19.64999961853028,16.8223819732666,14215500,0.0,0.0,ICE,ICE
2006-12-01,19.63800048828125,19.847999572753903,18.68000030517578,19.016000747680664,16.279619216918945,13158500,0.0,0.0,ICE,ICE
2006-12-04,18.89999961853028,19.850000381469727,18.69599914550781,19.799999237060547,16.950803756713867,14529000,0.0,0.0,ICE,ICE
2006-12-05,20.19599914550781,21.420000076293945,20.0,21.26000022888184,18.200702667236328,28706000,0.0,0.0,ICE,ICE
2006-12-06,21.190000534057617,21.23200035095215,20.483999252319336,21.0,17.978113174438477,15557500,0.0,0.0,ICE,ICE
2006-12-07,21.0,21.68000030517578,20.832000732421875,20.968000411987305,17.950727462768555,14484000,0.0,0.0,ICE,ICE
2006-12-08,20.89999961853028,21.74799919128418,20.60400009155273,21.6200008392334,18.508899688720703,13848500,0.0,0.0,ICE,ICE
2006-12-11,22.299999237060547,22.770000457763672,21.92200088500977,22.64200019836425,19.383834838867188,18774000,0.0,0.0,ICE,ICE
2006-12-12,22.700000762939453,22.76000022888184,21.766000747680664,21.99799919128418,18.832504272460938,22087500,0.0,0.0,ICE,ICE
2006-12-13,22.299999237060547,22.597999572753903,21.02199935913086,21.440000534057617,18.354793548583984,14858000,0.0,0.0,ICE,ICE
2006-12-14,21.49399948120117,21.700000762939453,20.6200008392334,20.761999130249023,17.774362564086914,17376000,0.0,0.0,ICE,ICE
2006-12-15,20.99799919128418,21.472000122070312,20.739999771118164,21.26799964904785,18.20755195617676,14992000,0.0,0.0,ICE,ICE
2006-12-18,21.299999237060547,22.030000686645508,21.263999938964844,21.51799964904785,18.42158317565918,14016500,0.0,0.0,ICE,ICE
2006-12-19,21.01000022888184,22.04800033569336,20.742000579833984,21.76000022888184,18.62875747680664,11444000,0.0,0.0,ICE,ICE
2006-12-20,21.89800071716309,22.14200019836425,21.440000534057617,22.0,18.83422088623047,10284000,0.0,0.0,ICE,ICE
2006-12-21,22.0,22.0,21.10199928283692,21.32200050354004,18.25378799438477,12860500,0.0,0.0,ICE,ICE
2006-12-22,21.20199966430664,21.488000869750977,20.76000022888184,20.84600067138672,17.846277236938477,7822000,0.0,0.0,ICE,ICE
2006-12-26,20.78400039672852,21.54199981689453,20.6299991607666,21.09199905395508,18.05688095092773,9528000,0.0,0.0,ICE,ICE
2006-12-27,21.1200008392334,21.472000122070312,20.944000244140625,21.38999938964844,18.311994552612305,5223000,0.0,0.0,ICE,ICE
2006-12-28,21.200000762939453,21.99399948120117,21.14999961853028,21.799999237060547,18.663000106811523,8226000,0.0,0.0,ICE,ICE
2006-12-29,21.6200008392334,21.90999984741211,21.37800025939941,21.57999992370605,18.474655151367188,11321000,0.0,0.0,ICE,ICE
2007-01-03,21.676000595092773,23.61199951171875,21.6299991607666,23.143999099731445,19.813594818115234,28144500,0.0,0.0,ICE,ICE
2007-01-04,23.143999099731445,24.280000686645508,22.827999114990234,24.20199966430664,20.719356536865234,18900500,0.0,0.0,ICE,ICE
2007-01-05,24.3799991607666,25.32999992370605,24.200000762939453,24.91200065612793,21.32718276977539,21982000,0.0,0.0,ICE,ICE
2007-01-08,25.06999969482422,25.549999237060547,24.489999771118164,25.13800048828125,21.520666122436523,16032500,0.0,0.0,ICE,ICE
2007-01-09,25.13800048828125,25.24399948120117,24.5,24.93000030517578,21.342592239379883,13874500,0.0,0.0,ICE,ICE
2007-01-10,24.86599922180176,27.21999931335449,24.60199928283692,27.049999237060547,23.157529830932617,26275000,0.0,0.0,ICE,ICE
2007-01-11,27.049999237060547,27.549999237060547,26.552000045776367,27.308000564575195,23.378398895263672,16999000,0.0,0.0,ICE,ICE
2007-01-12,26.86400032043457,27.100000381469727,26.24799919128418,26.94599914550781,23.06849479675293,16014000,0.0,0.0,ICE,ICE
2007-01-16,26.90999984741211,27.549999237060547,25.58799934387207,25.83799934387207,22.119935989379883,20353500,0.0,0.0,ICE,ICE
2007-01-17,25.513999938964844,26.790000915527344,25.5,26.643999099731445,22.809947967529297,19927000,0.0,0.0,ICE,ICE
2007-01-18,26.552000045776367,26.554000854492188,25.459999084472656,25.83799934387207,22.119935989379883,18915500,0.0,0.0,ICE,ICE
2007-01-19,25.464000701904297,25.799999237060547,24.809999465942383,25.381999969482425,21.72955322265625,18061000,0.0,0.0,ICE,ICE
2007-01-22,25.381999969482425,25.738000869750977,24.71199989318848,24.81999969482422,21.24842071533203,12591500,0.0,0.0,ICE,ICE
2007-01-23,24.81599998474121,26.059999465942383,24.631999969482425,25.89999961853028,22.17302131652832,13824000,0.0,0.0,ICE,ICE
2007-01-24,26.170000076293945,27.39999961853028,26.049999237060547,27.280000686645508,23.354433059692383,15428500,0.0,0.0,ICE,ICE
2007-01-25,27.6200008392334,28.100000381469727,26.16200065612793,26.347999572753903,22.55654525756836,20039000,0.0,0.0,ICE,ICE
2007-01-26,26.525999069213867,27.06599998474121,25.780000686645508,27.03400039672852,23.14382743835449,17612000,0.0,0.0,ICE,ICE
2007-01-29,27.100000381469727,27.13599967956543,25.799999237060547,25.97599983215332,22.23806953430176,14780500,0.0,0.0,ICE,ICE
2007-01-30,25.520000457763672,26.47800064086914,25.420000076293945,26.288000106811523,22.50517463684082,14547500,0.0,0.0,ICE,ICE
2007-01-31,26.20400047302246,26.799999237060547,25.823999404907227,26.11000061035156,22.352802276611328,9656000,0.0,0.0,ICE,ICE
2007-02-01,26.38999938964844,27.246000289916992,26.38999938964844,27.11000061035156,23.208898544311523,13712000,0.0,0.0,ICE,ICE
2007-02-02,27.600000381469727,28.55599975585937,27.600000381469727,28.49399948120117,24.39373588562012,24137500,0.0,0.0,ICE,ICE
2007-02-05,28.540000915527344,28.799999237060547,28.03199958801269,28.71999931335449,24.587215423583984,12920500,0.0,0.0,ICE,ICE
2007-02-06,28.799999237060547,28.799999237060547,27.583999633789062,28.57200050354004,24.46051597595215,17735000,0.0,0.0,ICE,ICE
2007-02-07,28.100000381469727,29.6200008392334,27.600000381469727,29.61000061035156,25.34914970397949,26554500,0.0,0.0,ICE,ICE
2007-02-08,29.75200080871582,31.61000061035156,29.34000015258789,30.40999984741211,26.034029006958008,36817500,0.0,0.0,ICE,ICE
2007-02-09,30.100000381469727,30.959999084472656,29.030000686645508,29.871999740600582,25.573450088500977,24867500,0.0,0.0,ICE,ICE
2007-02-12,29.76000022888184,29.84000015258789,28.52400016784668,28.714000701904297,24.58208465576172,17914000,0.0,0.0,ICE,ICE
2007-02-13,28.95400047302246,30.25,28.90999984741211,30.17200088500977,25.830272674560547,20974500,0.0,0.0,ICE,ICE
2007-02-14,30.200000762939453,30.89999961853028,29.64999961853028,30.327999114990234,25.96382522583008,18046500,0.0,0.0,ICE,ICE
2007-02-15,30.49799919128418,31.266000747680664,30.299999237060547,31.016000747680664,26.55282592773437,16693000,0.0,0.0,ICE,ICE
2007-02-16,30.979999542236328,31.66399955749512,30.520000457763672,31.66399955749512,27.107580184936523,18762500,0.0,0.0,ICE,ICE
2007-02-20,31.89999961853028,32.97600173950195,31.513999938964844,32.518001556396484,27.838685989379883,24665500,0.0,0.0,ICE,ICE
2007-02-21,32.720001220703125,33.400001525878906,32.39799880981445,32.77199935913086,28.056137084960938,27973500,0.0,0.0,ICE,ICE
2007-02-22,32.948001861572266,33.02000045776367,31.90800094604492,32.11600112915039,27.494543075561523,21925500,0.0,0.0,ICE,ICE
2007-02-23,32.029998779296875,32.79999923706055,31.84000015258789,32.38800048828125,27.727394104003903,21161500,0.0,0.0,ICE,ICE
2007-02-26,32.630001068115234,32.99599838256836,31.21199989318848,31.441999435424805,26.917524337768555,21256500,0.0,0.0,ICE,ICE
2007-02-27,30.459999084472656,30.715999603271484,28.621999740600582,28.916000366210938,24.75501823425293,33598500,0.0,0.0,ICE,ICE
2007-02-28,29.062000274658203,30.200000762939453,28.13999938964844,30.15399932861328,25.814861297607425,42330500,0.0,0.0,ICE,ICE
2007-03-01,29.100000381469727,30.67200088500977,28.530000686645508,30.11599922180176,25.78233337402344,35373500,0.0,0.0,ICE,ICE
2007-03-02,29.600000381469727,29.89999961853028,27.538000106811523,27.715999603271484,23.727684020996094,53064500,0.0,0.0,ICE,ICE
2007-03-05,27.176000595092773,28.450000762939453,26.850000381469727,27.42200088500977,23.47600173950196,41687000,0.0,0.0,ICE,ICE
2007-03-06,28.5,28.79800033569336,27.70199966430664,28.48600006103516,24.38688850402832,40535500,0.0,0.0,ICE,ICE
2007-03-07,28.1299991607666,28.29400062561035,25.76000022888184,25.81999969482422,22.10452079772949,63662500,0.0,0.0,ICE,ICE
2007-03-08,26.21999931335449,27.29599952697754,25.700000762939453,26.27199935913086,22.491479873657227,68043000,0.0,0.0,ICE,ICE
2007-03-09,26.76000022888184,26.89800071716309,25.46999931335449,26.200000762939453,22.42984199523925,38464500,0.0,0.0,ICE,ICE
2007-03-12,26.020000457763672,27.06999969482422,25.90999984741211,26.88999938964844,23.020553588867188,25969000,0.0,0.0,ICE,ICE
2007-03-13,26.88999938964844,26.950000762939453,25.65999984741211,25.802000045776367,22.08911895751953,28272500,0.0,0.0,ICE,ICE
2007-03-14,25.89999961853028,26.57999992370605,25.003999710083008,26.38599967956543,22.589075088500977,39105500,0.0,0.0,ICE,ICE
2007-03-15,26.51799964904785,26.700000762939453,25.263999938964844,25.6200008392334,21.93330192565918,58280000,0.0,0.0,ICE,ICE
2007-03-16,25.827999114990234,26.200000762939453,25.030000686645508,25.275999069213867,21.6387996673584,25297000,0.0,0.0,ICE,ICE
2007-03-19,25.56999969482422,26.100000381469727,25.45599937438965,25.597999572753903,21.91447257995605,24511000,0.0,0.0,ICE,ICE
2007-03-20,25.597999572753903,26.39999961853028,25.511999130249023,25.97800064086914,22.23978614807129,23353500,0.0,0.0,ICE,ICE
2007-03-21,26.14999961853028,26.549999237060547,25.724000930786133,25.950000762939453,22.21581649780273,22885000,0.0,0.0,ICE,ICE
2007-03-22,26.17399978637696,26.17399978637696,25.36199951171875,25.45199966430664,21.78947639465332,22048000,0.0,0.0,ICE,ICE
2007-03-23,25.459999084472656,25.530000686645508,24.64999961853028,24.71199989318848,21.155961990356445,22125500,0.0,0.0,ICE,ICE
2007-03-26,24.700000762939453,24.979999542236328,23.88400077819824,24.170000076293945,20.69196510314941,26903500,0.0,0.0,ICE,ICE
2007-03-27,24.24799919128418,24.92399978637696,24.07999992370605,24.58799934387207,21.0498046875,29486000,0.0,0.0,ICE,ICE
2007-03-28,24.402000427246094,25.02199935913086,24.21199989318848,24.39200019836425,20.882015228271484,27576000,0.0,0.0,ICE,ICE
2007-03-29,24.6879997253418,25.040000915527344,24.280000686645508,24.5939998626709,21.054950714111328,23543500,0.0,0.0,ICE,ICE
2007-03-30,24.775999069213867,24.89999961853028,24.309999465942383,24.441999435424805,20.92482185363769,15906000,0.0,0.0,ICE,ICE
2007-04-02,24.70800018310547,25.57999992370605,24.11199951171875,25.573999404907227,21.8939208984375,26489500,0.0,0.0,ICE,ICE
2007-04-03,25.46999931335449,25.46999931335449,24.70800018310547,24.729999542236328,21.171375274658203,28036500,0.0,0.0,ICE,ICE
2007-04-04,24.67799949645996,25.35400009155273,24.549999237060547,25.17799949645996,21.554906845092773,19219000,0.0,0.0,ICE,ICE
2007-04-05,25.18199920654297,26.020000457763672,25.15800094604492,25.775999069213867,22.06686019897461,18533500,0.0,0.0,ICE,ICE
2007-04-09,25.99799919128418,26.37800025939941,25.57999992370605,25.700000762939453,22.00178909301757,15037500,0.0,0.0,ICE,ICE
2007-04-10,25.86000061035156,26.170000076293945,25.42799949645996,25.59000015258789,21.907623291015625,12485000,0.0,0.0,ICE,ICE
2007-04-11,25.66200065612793,25.733999252319336,25.14200019836425,25.38999938964844,21.73639869689941,11471500,0.0,0.0,ICE,ICE
2007-04-12,25.200000762939453,25.6200008392334,24.95400047302246,25.332000732421875,21.686752319335938,9093500,0.0,0.0,ICE,ICE
2007-04-13,25.417999267578125,26.097999572753903,25.39999961853028,25.95800018310547,22.222665786743164,15680500,0.0,0.0,ICE,ICE
2007-04-16,26.083999633789062,26.440000534057617,25.8799991607666,26.00200080871582,22.260337829589844,13721500,0.0,0.0,ICE,ICE
2007-04-17,26.11800003051757,26.6259994506836,26.003999710083008,26.23600006103516,22.46065902709961,16323500,0.0,0.0,ICE,ICE
2007-04-18,26.326000213623047,26.53400039672852,25.950000762939453,26.18000030517578,22.41272735595703,9495500,0.0,0.0,ICE,ICE
2007-04-19,25.950000762939453,26.239999771118164,25.66399955749512,25.940000534057617,22.207252502441406,8830500,0.0,0.0,ICE,ICE
2007-04-20,26.280000686645508,27.020000457763672,26.209999084472656,26.766000747680664,22.914396286010746,22640500,0.0,0.0,ICE,ICE
2007-04-23,26.715999603271484,26.97800064086914,26.32999992370605,26.46999931335449,22.660993576049805,13640000,0.0,0.0,ICE,ICE
2007-04-24,26.65800094604492,27.007999420166016,26.0,26.03199958801269,22.2860164642334,10952000,0.0,0.0,ICE,ICE
2007-04-25,26.270000457763672,26.3700008392334,25.86400032043457,26.10199928283692,22.3459415435791,10677000,0.0,0.0,ICE,ICE
2007-04-26,26.200000762939453,26.229999542236328,25.770000457763672,25.833999633789062,22.116504669189453,7902000,0.0,0.0,ICE,ICE
2007-04-27,25.86000061035156,25.90999984741211,25.25,25.35199928283692,21.70387077331543,6884000,0.0,0.0,ICE,ICE
2007-04-30,26.299999237060547,26.450000762939453,25.32999992370605,25.39999961853028,21.744962692260746,18370500,0.0,0.0,ICE,ICE
2007-05-01,25.65800094604492,25.65999984741211,24.4060001373291,24.60400009155273,21.063501358032227,18699500,0.0,0.0,ICE,ICE
2007-05-02,25.200000762939453,26.200000762939453,25.100000381469727,25.45199966430664,21.78947639465332,26203000,0.0,0.0,ICE,ICE
2007-05-03,25.979999542236328,26.988000869750977,25.944000244140625,26.950000762939453,23.071916580200195,28523500,0.0,0.0,ICE,ICE
2007-05-04,27.194000244140625,27.82200050354004,27.194000244140625,27.68000030517578,23.696870803833008,25054500,0.0,0.0,ICE,ICE
2007-05-07,27.69599914550781,27.775999069213867,27.013999938964844,27.42799949645996,23.48113822937012,12755000,0.0,0.0,ICE,ICE
2007-05-08,27.23200035095215,27.288000106811523,26.70199966430664,26.940000534057617,23.06335830688477,11664000,0.0,0.0,ICE,ICE
2007-05-09,26.799999237060547,27.84600067138672,26.700000762939453,27.51000022888184,23.55133628845215,15489500,0.0,0.0,ICE,ICE
2007-05-10,27.51000022888184,28.374000549316406,26.89999961853028,26.96999931335449,23.08904457092285,27724500,0.0,0.0,ICE,ICE
2007-05-11,27.552000045776367,28.176000595092773,27.13999938964844,28.11000061035156,24.064998626708984,20855500,0.0,0.0,ICE,ICE
2007-05-14,28.003999710083008,28.5,27.709999084472656,27.76000022888184,23.76536750793457,13759500,0.0,0.0,ICE,ICE
2007-05-15,27.70199966430664,28.18600082397461,27.224000930786133,27.464000701904297,23.51195907592773,14527500,0.0,0.0,ICE,ICE
2007-05-16,27.600000381469727,27.94599914550781,27.309999465942383,27.562000274658203,23.595853805541992,12683000,0.0,0.0,ICE,ICE
2007-05-17,27.52199935913086,28.06800079345703,27.49799919128418,27.959999084472656,23.93657493591309,10998000,0.0,0.0,ICE,ICE
2007-05-18,28.06599998474121,28.29400062561035,27.770000457763672,27.836000442504883,23.830427169799805,8733500,0.0,0.0,ICE,ICE
2007-05-21,27.84000015258789,29.49799919128418,27.84000015258789,29.215999603271484,25.011838912963867,32772500,0.0,0.0,ICE,ICE
2007-05-22,29.49799919128418,30.459999084472656,29.416000366210938,30.280000686645508,25.92273712158203,28536000,0.0,0.0,ICE,ICE
2007-05-23,30.670000076293945,30.67200088500977,29.492000579833984,29.694000244140625,25.42106056213379,19912500,0.0,0.0,ICE,ICE
2007-05-24,29.600000381469727,29.871999740600582,28.22599983215332,28.43199920654297,24.34066200256348,22277500,0.0,0.0,ICE,ICE
2007-05-25,28.81999969482422,29.12800025939941,28.61800003051757,28.99799919128418,24.82520866394043,11151000,0.0,0.0,ICE,ICE
2007-05-29,28.99799919128418,29.722000122070312,28.98200035095215,29.549999237060547,25.29776954650879,9967500,0.0,0.0,ICE,ICE
2007-05-30,29.39999961853028,30.082000732421875,28.738000869750977,29.742000579833984,25.4621524810791,14848500,0.0,0.0,ICE,ICE
2007-05-31,29.770000457763672,30.0,28.709999084472656,28.988000869750977,24.81665229797364,16595000,0.0,0.0,ICE,ICE
2007-06-01,29.24399948120117,29.59000015258789,28.5939998626709,28.5939998626709,24.479347229003903,10280000,0.0,0.0,ICE,ICE
2007-06-04,28.43199920654297,29.93400001525879,28.36400032043457,29.93400001525879,25.62652587890625,17614000,0.0,0.0,ICE,ICE
2007-06-05,29.93400001525879,30.280000686645508,29.31999969482422,29.75200080871582,25.47071075439453,16010500,0.0,0.0,ICE,ICE
2007-06-06,29.402000427246094,30.996000289916992,29.253999710083008,30.597999572753903,26.194974899291992,26034000,0.0,0.0,ICE,ICE
2007-06-07,30.75,31.08799934387207,29.200000762939453,29.34199905395508,25.119712829589844,25722500,0.0,0.0,ICE,ICE
2007-06-08,29.04599952697754,29.51000022888184,28.420000076293945,29.1259994506836,24.934789657592773,17046000,0.0,0.0,ICE,ICE
2007-06-11,29.39999961853028,30.13400077819824,29.06800079345703,29.83799934387207,25.544334411621094,14819000,0.0,0.0,ICE,ICE
2007-06-12,29.84199905395508,30.444000244140625,29.4060001373291,29.79599952697754,25.50838279724121,17150000,0.0,0.0,ICE,ICE
2007-06-13,29.86199951171875,30.100000381469727,29.218000411987305,29.55599975585937,25.302921295166016,11840500,0.0,0.0,ICE,ICE
2007-06-14,29.691999435424805,31.14999961853028,29.670000076293945,30.97800064086914,26.520301818847656,23469500,0.0,0.0,ICE,ICE
2007-06-15,31.54800033569336,32.04399871826172,31.020000457763672,31.395999908447266,26.87814140319824,20109500,0.0,0.0,ICE,ICE
2007-06-18,31.450000762939453,31.75,30.46999931335449,30.88599967956543,26.4415283203125,11184500,0.0,0.0,ICE,ICE
2007-06-19,31.00200080871582,31.690000534057617,30.799999237060547,31.26000022888184,26.76171112060547,13176500,0.0,0.0,ICE,ICE
2007-06-20,31.299999237060547,32.49399948120117,31.059999465942383,31.6200008392334,27.06991004943848,22681500,0.0,0.0,ICE,ICE
2007-06-21,31.64999961853028,31.96199989318848,31.20199966430664,31.709999084472656,27.146957397460938,15128500,0.0,0.0,ICE,ICE
2007-06-22,31.920000076293945,32.24599838256836,30.75,31.10400009155273,26.628156661987305,14029500,0.0,0.0,ICE,ICE
2007-06-25,31.14999961853028,31.63999938964844,29.65999984741211,29.847999572753903,25.552902221679688,15367500,0.0,0.0,ICE,ICE
2007-06-26,30.1879997253418,30.552000045776367,28.78199958801269,29.11199951171875,24.922807693481445,16448500,0.0,0.0,ICE,ICE
2007-06-27,28.89999961853028,30.209999084472656,28.25,30.209999084472656,25.86280632019043,18674500,0.0,0.0,ICE,ICE
2007-06-28,30.32999992370605,30.39800071716309,29.6560001373291,29.757999420166016,25.475845336914062,10689000,0.0,0.0,ICE,ICE
2007-06-29,29.780000686645508,30.18400001525879,29.20400047302246,29.56999969482422,25.31490135192871,7807500,0.0,0.0,ICE,ICE
2007-07-02,29.83799934387207,29.84000015258789,28.90999984741211,29.00200080871582,24.8286361694336,9290000,0.0,0.0,ICE,ICE
2007-07-03,29.224000930786133,29.8799991607666,29.062000274658203,29.775999069213867,25.491254806518555,7011500,0.0,0.0,ICE,ICE
2007-07-05,29.90999984741211,30.44799995422364,29.46199989318848,30.36199951171875,25.9929313659668,8780000,0.0,0.0,ICE,ICE
2007-07-06,30.97800064086914,31.357999801635746,30.49799919128418,31.218000411987305,26.725759506225582,13564000,0.0,0.0,ICE,ICE
2007-07-09,31.549999237060547,32.03799819946289,31.073999404907227,31.356000900268555,26.84390640258789,16006000,0.0,0.0,ICE,ICE
2007-07-10,31.357999801635746,31.57200050354004,30.700000762939453,31.145999908447266,26.66411590576172,11336500,0.0,0.0,ICE,ICE
2007-07-11,31.39999961853028,33.47999954223633,30.940000534057617,33.41400146484375,28.605756759643555,30740500,0.0,0.0,ICE,ICE
2007-07-12,33.73600006103516,34.4900016784668,33.099998474121094,33.79800033569336,28.934505462646484,31852000,0.0,0.0,ICE,ICE
2007-07-13,33.64400100708008,33.79999923706055,33.119998931884766,33.422000885009766,28.61261367797852,10136000,0.0,0.0,ICE,ICE
2007-07-16,33.63999938964844,34.83000183105469,33.48600006103516,33.99599838256836,29.10401153564453,18600000,0.0,0.0,ICE,ICE
2007-07-17,34.24599838256836,34.45399856567383,33.369998931884766,33.369998931884766,28.568084716796875,11554500,0.0,0.0,ICE,ICE
2007-07-18,33.00199890136719,33.16400146484375,32.27000045776367,32.58599853515625,27.89690399169922,14302500,0.0,0.0,ICE,ICE
2007-07-19,32.98199844360352,33.099998474121094,32.03400039672852,32.27000045776367,27.626373291015625,11096000,0.0,0.0,ICE,ICE
2007-07-20,32.22999954223633,33.0260009765625,31.93400001525879,32.04800033569336,27.436325073242188,14838500,0.0,0.0,ICE,ICE
2007-07-23,32.28200149536133,32.33599853515625,30.920000076293945,31.218000411987305,26.725759506225582,9199000,0.0,0.0,ICE,ICE
2007-07-24,30.75,31.016000747680664,29.124000549316406,29.558000564575195,25.304628372192383,12304000,0.0,0.0,ICE,ICE
2007-07-25,29.690000534057617,30.33799934387207,28.14999961853028,28.75,24.612897872924805,19783000,0.0,0.0,ICE,ICE
2007-07-26,28.39999961853028,29.525999069213867,28.18000030517578,29.26799964904785,25.056365966796875,18468000,0.0,0.0,ICE,ICE
2007-07-27,29.26799964904785,30.974000930786133,28.93400001525879,30.280000686645508,25.92273712158203,19105000,0.0,0.0,ICE,ICE
2007-07-30,30.790000915527344,31.29800033569336,30.40399932861328,31.280000686645508,26.7788314819336,12105000,0.0,0.0,ICE,ICE
2007-07-31,31.36199951171875,31.77199935913086,30.04199981689453,30.22599983215332,25.876501083374023,11519500,0.0,0.0,ICE,ICE
2007-08-01,30.054000854492188,30.309999465942383,29.0,30.0,25.68302726745605,14575000,0.0,0.0,ICE,ICE
2007-08-02,30.097999572753903,30.76799964904785,29.309999465942383,30.43600082397461,26.056285858154297,10473000,0.0,0.0,ICE,ICE
2007-08-03,30.503999710083008,31.63800048828125,30.0,30.79199981689453,26.361053466796875,14670000,0.0,0.0,ICE,ICE
2007-08-06,30.600000381469727,31.246000289916992,29.75,30.715999603271484,26.295997619628903,11525000,0.0,0.0,ICE,ICE
2007-08-07,30.81800079345703,31.6299991607666,30.459999084472656,31.3700008392334,26.85589027404785,9497500,0.0,0.0,ICE,ICE
2007-08-08,31.676000595092773,32.44599914550781,31.56599998474121,31.97599983215332,27.374675750732425,9403500,0.0,0.0,ICE,ICE
2007-08-09,31.38999938964844,32.88800048828125,30.761999130249023,30.799999237060547,26.367908477783203,13842500,0.0,0.0,ICE,ICE
2007-08-10,30.64200019836425,31.200000762939453,29.65800094604492,30.209999084472656,25.86280632019043,14760000,0.0,0.0,ICE,ICE
2007-08-13,30.549999237060547,30.780000686645508,29.299999237060547,29.39999961853028,25.169368743896484,11508500,0.0,0.0,ICE,ICE
2007-08-14,29.38599967956543,29.738000869750977,28.26000022888184,28.624000549316406,24.505033493041992,11763000,0.0,0.0,ICE,ICE
2007-08-15,28.350000381469727,28.450000762939453,26.59000015258789,26.799999237060547,22.94350242614746,16322500,0.0,0.0,ICE,ICE
2007-08-16,26.0,26.152000427246094,23.450000762939453,25.89999961853028,22.17302131652832,33833500,0.0,0.0,ICE,ICE
2007-08-17,26.799999237060547,27.200000762939453,25.742000579833984,26.70800018310547,22.86474609375,17319500,0.0,0.0,ICE,ICE
2007-08-20,26.799999237060547,27.850000381469727,26.75,27.53400039672852,23.57187843322754,16705500,0.0,0.0,ICE,ICE
2007-08-21,27.39999961853028,27.53400039672852,26.41200065612793,27.03400039672852,23.14382743835449,13357500,0.0,0.0,ICE,ICE
2007-08-22,27.856000900268555,28.79800033569336,27.65999984741211,27.766000747680664,23.77049827575684,13559500,0.0,0.0,ICE,ICE
2007-08-23,28.280000686645508,28.573999404907227,27.51000022888184,27.90999984741211,23.893775939941406,8847000,0.0,0.0,ICE,ICE
2007-08-24,27.799999237060547,28.520000457763672,27.559999465942383,28.5,24.398876190185547,4773500,0.0,0.0,ICE,ICE
2007-08-27,28.450000762939453,28.66200065612793,27.85199928283692,28.035999298095703,24.00164222717285,4764000,0.0,0.0,ICE,ICE
2007-08-28,27.65399932861328,27.799999237060547,26.799999237060547,26.979999542236328,23.09760284423828,6619500,0.0,0.0,ICE,ICE
2007-08-29,27.26000022888184,28.086000442504883,27.086000442504883,27.92399978637696,23.90575790405273,7146000,0.0,0.0,ICE,ICE
2007-08-30,27.52400016784668,28.53400039672852,27.39999961853028,27.950000762939453,23.92801856994629,5905500,0.0,0.0,ICE,ICE
2007-08-31,28.444000244140625,29.23600006103516,28.200000762939453,29.17399978637696,24.975893020629883,7788000,0.0,0.0,ICE,ICE
2007-09-04,28.974000930786133,29.99799919128418,28.775999069213867,29.56800079345703,25.31318664550781,8339500,0.0,0.0,ICE,ICE
2007-09-05,29.200000762939453,29.29599952697754,28.03400039672852,28.17799949645996,24.123210906982425,10422500,0.0,0.0,ICE,ICE
2007-09-06,28.420000076293945,28.459999084472656,27.239999771118164,27.61400032043457,23.64036750793457,10293500,0.0,0.0,ICE,ICE
2007-09-07,27.076000213623047,27.200000762939453,26.323999404907227,26.56800079345703,22.744892120361328,8636500,0.0,0.0,ICE,ICE
2007-09-10,26.81399917602539,27.03400039672852,25.96999931335449,26.43000030517578,22.626745223999023,9353500,0.0,0.0,ICE,ICE
2007-09-11,26.520000457763672,26.959999084472656,26.18000030517578,26.290000915527344,22.50688934326172,6996500,0.0,0.0,ICE,ICE
2007-09-12,26.332000732421875,26.715999603271484,25.959999084472656,26.280000686645508,22.498329162597656,6708500,0.0,0.0,ICE,ICE
2007-09-13,26.45400047302246,26.506000518798828,25.700000762939453,25.81399917602539,22.099390029907227,8581000,0.0,0.0,ICE,ICE
2007-09-14,25.459999084472656,25.78199958801269,25.31999969482422,25.54199981689453,21.86652565002441,7044500,0.0,0.0,ICE,ICE
2007-09-17,25.56399917602539,25.775999069213867,25.13999938964844,25.299999237060547,21.65934944152832,7203500,0.0,0.0,ICE,ICE
2007-09-18,25.540000915527344,27.3759994506836,25.13599967956543,27.1299991607666,23.22601318359375,12521500,0.0,0.0,ICE,ICE
2007-09-19,27.64999961853028,27.89999961853028,26.100000381469727,26.31999969482422,22.53257369995117,10466000,0.0,0.0,ICE,ICE
2007-09-20,26.18000030517578,27.72599983215332,26.05599975585937,27.076000213623047,23.179786682128903,12541500,0.0,0.0,ICE,ICE
2007-09-21,27.39999961853028,27.576000213623047,26.8700008392334,27.09199905395508,23.19348526000977,8703000,0.0,0.0,ICE,ICE
2007-09-24,27.01000022888184,28.3700008392334,26.75,28.36199951171875,24.28073501586914,14509500,0.0,0.0,ICE,ICE
2007-09-25,29.19799995422364,30.43000030517578,29.18000030517578,30.229999542236328,25.879928588867188,97137000,0.0,0.0,ICE,ICE
2007-09-26,30.600000381469727,30.874000549316406,30.18000030517578,30.3799991607666,26.008346557617188,18728000,0.0,0.0,ICE,ICE
2007-09-27,30.49399948120117,30.88800048828125,30.14999961853028,30.492000579833984,26.104228973388672,11038000,0.0,0.0,ICE,ICE
2007-09-28,30.38599967956543,30.49799919128418,30.06800079345703,30.3799991607666,26.008346557617188,8265000,0.0,0.0,ICE,ICE
2007-10-01,30.468000411987305,31.15800094604492,30.35199928283692,30.799999237060547,26.367908477783203,7522500,0.0,0.0,ICE,ICE
2007-10-02,31.107999801635746,31.847999572753903,30.84000015258789,30.93000030517578,26.479198455810547,12032000,0.0,0.0,ICE,ICE
2007-10-03,30.902000427246094,30.92399978637696,30.36000061035156,30.71199989318848,26.292570114135746,7341500,0.0,0.0,ICE,ICE
2007-10-04,30.652000427246094,31.035999298095703,30.39200019836425,30.84000015258789,26.40215301513672,5962000,0.0,0.0,ICE,ICE
2007-10-05,31.14200019836425,31.739999771118164,30.95599937438965,31.552000045776367,27.01169776916504,7926500,0.0,0.0,ICE,ICE
2007-10-08,31.606000900268555,32.65399932861328,31.60199928283692,32.23400115966797,27.59555435180664,6865500,0.0,0.0,ICE,ICE
2007-10-09,32.577999114990234,32.71799850463867,31.8700008392334,32.71799850463867,28.00990295410156,8712500,0.0,0.0,ICE,ICE
2007-10-10,32.69599914550781,33.097999572753906,32.28799819946289,32.540000915527344,27.857521057128903,5726500,0.0,0.0,ICE,ICE
2007-10-11,32.97999954223633,33.0,30.6259994506836,31.280000686645508,26.7788314819336,9149500,0.0,0.0,ICE,ICE
2007-10-12,31.43000030517578,32.39799880981445,30.99799919128418,32.257999420166016,27.61610412597656,6226000,0.0,0.0,ICE,ICE
2007-10-15,32.262001037597656,32.45199966430664,31.22599983215332,31.468000411987305,26.93978309631348,5385500,0.0,0.0,ICE,ICE
2007-10-16,31.371999740600582,31.371999740600582,30.57200050354004,31.082000732421875,26.60933494567871,5582000,0.0,0.0,ICE,ICE
2007-10-17,31.39999961853028,31.895999908447266,31.049999237060547,31.600000381469727,27.052791595458984,7133000,0.0,0.0,ICE,ICE
2007-10-18,31.39999961853028,32.70000076293945,31.17799949645996,32.375999450683594,27.71712112426757,8013500,0.0,0.0,ICE,ICE
2007-10-19,32.79800033569336,33.375999450683594,32.141998291015625,32.790000915527344,28.07155036926269,18446000,0.0,0.0,ICE,ICE
2007-10-22,32.560001373291016,33.0,31.77400016784668,32.26599884033203,27.622953414916992,11301500,0.0,0.0,ICE,ICE
2007-10-23,32.6879997253418,33.85200119018555,32.50400161743164,33.70600128173828,28.85573959350586,11430000,0.0,0.0,ICE,ICE
2007-10-24,33.571998596191406,35.194000244140625,33.20000076293945,35.09600067138672,30.04572296142578,19712000,0.0,0.0,ICE,ICE
2007-10-25,34.37799835205078,34.87799835205078,33.46200180053711,33.73199844360352,28.877992630004883,15684000,0.0,0.0,ICE,ICE
2007-10-26,34.29199981689453,34.395999908447266,33.599998474121094,34.04999923706055,29.150245666503903,7579500,0.0,0.0,ICE,ICE
2007-10-29,34.08000183105469,34.93600082397461,33.965999603271484,34.60599899291992,29.62622261047364,6518500,0.0,0.0,ICE,ICE
2007-10-30,34.47999954223633,35.060001373291016,34.13199996948242,34.18399810791016,29.26494789123535,7880000,0.0,0.0,ICE,ICE
2007-10-31,34.56999969482422,35.63999938964844,34.2599983215332,35.597999572753906,30.47547721862793,10199000,0.0,0.0,ICE,ICE
2007-11-01,35.20000076293945,35.380001068115234,34.17599868774414,34.4640007019043,29.50465965270996,9550000,0.0,0.0,ICE,ICE
2007-11-02,34.86800003051758,35.04800033569336,33.641998291015625,34.92599868774414,29.90018844604492,6869500,0.0,0.0,ICE,ICE
2007-11-05,34.400001525878906,35.349998474121094,33.959999084472656,34.95800018310547,29.92757797241211,8265500,0.0,0.0,ICE,ICE
2007-11-06,34.619998931884766,35.880001068115234,34.619998931884766,35.667999267578125,30.535409927368164,9124000,0.0,0.0,ICE,ICE
2007-11-07,35.20000076293945,36.0099983215332,34.645999908447266,34.68199920654297,29.6912841796875,7693000,0.0,0.0,ICE,ICE
2007-11-08,34.63600158691406,35.13600158691406,32.77199935913086,34.209999084472656,29.28720664978028,11280500,0.0,0.0,ICE,ICE
2007-11-09,33.551998138427734,34.15399932861328,32.902000427246094,33.0880012512207,28.32667350769043,7908000,0.0,0.0,ICE,ICE
2007-11-12,33.17399978637695,33.470001220703125,32.25,32.27000045776367,27.626373291015625,8169000,0.0,0.0,ICE,ICE
2007-11-13,32.279998779296875,33.58000183105469,32.279998779296875,33.58000183105469,28.74786376953125,6291500,0.0,0.0,ICE,ICE
2007-11-14,33.715999603271484,34.900001525878906,33.66600036621094,34.22800064086914,29.302623748779297,9078000,0.0,0.0,ICE,ICE
2007-11-15,34.36800003051758,34.7400016784668,33.709999084472656,34.5,29.53549194335937,7407500,0.0,0.0,ICE,ICE
2007-11-16,34.66400146484375,35.007999420166016,34.25,35.007999420166016,29.970378875732425,7449000,0.0,0.0,ICE,ICE
2007-11-19,34.92599868774414,36.90599822998047,34.89799880981445,36.04999923706055,30.862436294555664,14686000,0.0,0.0,ICE,ICE
2007-11-20,35.79999923706055,36.09799957275391,33.03200149536133,33.91999816894531,29.03894805908203,13777000,0.0,0.0,ICE,ICE
2007-11-21,33.07600021362305,33.86600112915039,32.4900016784668,33.040000915527344,28.28557586669922,7301500,0.0,0.0,ICE,ICE
2007-11-23,33.32600021362305,33.737998962402344,33.0,33.599998474121094,28.76499366760254,2426000,0.0,0.0,ICE,ICE
2007-11-26,33.79800033569336,34.130001068115234,32.599998474121094,32.678001403808594,27.975662231445312,7746500,0.0,0.0,ICE,ICE
2007-11-27,32.80799865722656,33.09199905395508,31.21199989318848,32.09400177001953,27.4757022857666,10961000,0.0,0.0,ICE,ICE
2007-11-28,32.32400131225586,33.922000885009766,32.20000076293945,33.922000885009766,29.040651321411133,7879000,0.0,0.0,ICE,ICE
2007-11-29,33.57600021362305,34.194000244140625,33.28799819946289,33.84000015258789,28.9704532623291,5944000,0.0,0.0,ICE,ICE
2007-11-30,34.630001068115234,34.630001068115234,32.847999572753906,33.391998291015625,28.5869083404541,6684000,0.0,0.0,ICE,ICE
2007-12-03,33.38999938964844,33.38999938964844,32.38800048828125,32.54600143432617,27.862661361694336,6235500,0.0,0.0,ICE,ICE
2007-12-04,32.400001525878906,33.18399810791016,32.400001525878906,32.512001037597656,27.833559036254883,5644500,0.0,0.0,ICE,ICE
2007-12-05,32.74800109863281,34.38800048828125,32.63999938964844,34.29999923706055,29.364255905151367,8251500,0.0,0.0,ICE,ICE
2007-12-06,34.4379997253418,35.0,33.76599884033203,34.9640007019043,29.93272590637207,4878000,0.0,0.0,ICE,ICE
2007-12-07,34.763999938964844,35.49800109863281,34.599998474121094,35.11000061035156,30.05770492553711,3963500,0.0,0.0,ICE,ICE
2007-12-10,35.4900016784668,35.8380012512207,35.06999969482422,35.263999938964844,30.189546585083008,3524000,0.0,0.0,ICE,ICE
2007-12-11,35.599998474121094,36.20000076293945,34.10599899291992,34.23400115966797,29.30775451660156,6023000,0.0,0.0,ICE,ICE
2007-12-12,35.125999450683594,35.59199905395508,34.290000915527344,35.0359992980957,29.99434471130371,6768500,0.0,0.0,ICE,ICE
2007-12-13,34.69200134277344,36.27999877929688,34.66400146484375,36.16400146484375,30.960044860839844,8090500,0.0,0.0,ICE,ICE
2007-12-14,35.77000045776367,38.22600173950195,35.77000045776367,37.14599990844727,31.80072021484375,10570000,0.0,0.0,ICE,ICE
2007-12-17,37.33000183105469,37.66600036621094,36.0,36.06399917602539,30.874425888061523,6330500,0.0,0.0,ICE,ICE
2007-12-18,36.39799880981445,36.858001708984375,35.0620002746582,35.57600021362305,30.45664596557617,6463500,0.0,0.0,ICE,ICE
2007-12-19,35.87200164794922,37.35599899291992,35.391998291015625,37.17399978637695,31.8247013092041,8387000,0.0,0.0,ICE,ICE
2007-12-20,37.57400131225586,37.78200149536133,36.652000427246094,37.66600036621094,32.24589920043945,5364500,0.0,0.0,ICE,ICE
2007-12-21,38.2400016784668,38.2400016784668,36.90999984741211,37.290000915527344,31.92401123046875,8734000,0.0,0.0,ICE,ICE
2007-12-24,37.3759994506836,38.604000091552734,37.00400161743164,38.52999877929688,32.985557556152344,2949500,0.0,0.0,ICE,ICE
2007-12-26,38.29999923706055,38.98400115966797,37.900001525878906,38.900001525878906,33.30232238769531,3492500,0.0,0.0,ICE,ICE
2007-12-27,38.650001525878906,38.77000045776367,37.902000427246094,37.92599868774414,32.46849060058594,3250000,0.0,0.0,ICE,ICE
2007-12-28,38.15999984741211,38.5,37.63600158691406,37.88600158691406,32.43424224853516,3374000,0.0,0.0,ICE,ICE
2007-12-31,37.8380012512207,38.75600051879883,37.67399978637695,38.5,32.95988845825195,2997000,0.0,0.0,ICE,ICE
2008-01-02,38.77399826049805,38.77399826049805,36.95800018310547,37.09999847412109,31.761335372924805,6564500,0.0,0.0,ICE,ICE
2008-01-03,37.369998931884766,37.3759994506836,35.73199844360352,35.97999954223633,30.8025016784668,8596000,0.0,0.0,ICE,ICE
2008-01-04,35.20199966430664,35.63600158691406,33.8380012512207,34.15800094604492,29.242694854736328,7218500,0.0,0.0,ICE,ICE
2008-01-07,34.400001525878906,34.78200149536133,31.93199920654297,32.83000183105469,28.105796813964844,12436500,0.0,0.0,ICE,ICE
2008-01-08,33.108001708984375,34.94599914550781,32.95600128173828,33.02000045776367,28.268449783325195,11479000,0.0,0.0,ICE,ICE
2008-01-09,32.77399826049805,33.74399948120117,31.31800079345703,32.566001892089844,27.87977409362793,10655500,0.0,0.0,ICE,ICE
2008-01-10,32.20000076293945,35.20000076293945,32.167999267578125,34.69599914550781,29.703271865844727,10333000,0.0,0.0,ICE,ICE
2008-01-11,34.400001525878906,35.12799835205078,33.715999603271484,34.624000549316406,29.641645431518555,6809000,0.0,0.0,ICE,ICE
2008-01-14,34.50199890136719,35.0,33.98400115966797,34.49399948120117,29.530345916748047,5867000,0.0,0.0,ICE,ICE
2008-01-15,34.03200149536133,34.46799850463867,32.50199890136719,32.66400146484375,27.96367835998535,7396500,0.0,0.0,ICE,ICE
2008-01-16,32.32600021362305,32.555999755859375,28.799999237060547,29.694000244140625,25.42106056213379,20562500,0.0,0.0,ICE,ICE
2008-01-17,29.738000869750977,29.99799919128418,26.14200019836425,26.190000534057617,22.421276092529297,18874000,0.0,0.0,ICE,ICE
2008-01-18,26.964000701904297,27.959999084472656,26.6200008392334,27.71999931335449,23.73111343383789,23960500,0.0,0.0,ICE,ICE
2008-01-22,25.780000686645508,28.393999099731445,25.374000549316406,27.573999404907227,23.606124877929688,13475500,0.0,0.0,ICE,ICE
2008-01-23,26.770000457763672,28.71999931335449,26.07999992370605,28.68000030517578,24.552976608276367,15194500,0.0,0.0,ICE,ICE
2008-01-24,28.85400009155273,30.371999740600582,28.39999961853028,30.11599922180176,25.78233337402344,13467000,0.0,0.0,ICE,ICE
2008-01-25,30.940000534057617,30.940000534057617,28.93000030517578,29.06800079345703,24.88514518737793,11116000,0.0,0.0,ICE,ICE
2008-01-28,30.496000289916992,30.530000686645508,27.059999465942383,28.049999237060547,24.01362609863281,23337500,0.0,0.0,ICE,ICE
2008-01-29,28.327999114990234,28.5,27.44599914550781,28.37800025939941,24.294431686401367,10225000,0.0,0.0,ICE,ICE
2008-01-30,28.030000686645508,29.0,27.4060001373291,27.67200088500977,23.69002914428711,10637000,0.0,0.0,ICE,ICE
2008-01-31,26.90399932861328,28.25,25.836000442504883,27.83799934387207,23.83213806152344,18802500,0.0,0.0,ICE,ICE
2008-02-01,27.799999237060547,28.42399978637696,26.85400009155273,27.09000015258789,23.1917667388916,12942000,0.0,0.0,ICE,ICE
2008-02-04,27.479999542236328,28.00200080871582,27.100000381469727,27.25,23.32875633239746,8993500,0.0,0.0,ICE,ICE
2008-02-05,26.802000045776367,27.468000411987305,24.9060001373291,24.93000030517578,21.342592239379883,18446500,0.0,0.0,ICE,ICE
2008-02-06,25.14800071716309,25.14800071716309,22.92399978637696,23.18000030517578,19.844417572021484,34800500,0.0,0.0,ICE,ICE
2008-02-07,24.516000747680664,26.530000686645508,24.3799991607666,26.077999114990234,22.32539939880371,35555000,0.0,0.0,ICE,ICE
2008-02-08,26.47800064086914,26.600000381469727,25.059999465942383,25.559999465942383,21.88193321228028,19474000,0.0,0.0,ICE,ICE
2008-02-11,25.983999252319336,26.52400016784668,25.246000289916992,26.030000686645508,22.28430938720703,10373000,0.0,0.0,ICE,ICE
2008-02-12,26.312000274658203,27.69799995422364,26.15399932861328,26.71199989318848,22.868162155151367,16474000,0.0,0.0,ICE,ICE
2008-02-13,27.1560001373291,27.64200019836425,26.756000518798828,27.535999298095703,23.57359504699707,9575000,0.0,0.0,ICE,ICE
2008-02-14,27.59600067138672,27.62800025939941,26.60400009155273,26.67799949645996,22.83905792236328,6911000,0.0,0.0,ICE,ICE
2008-02-15,26.52400016784668,26.60199928283692,25.804000854492188,26.472000122070312,22.66270637512207,6521500,0.0,0.0,ICE,ICE
2008-02-19,26.808000564575195,27.086000442504883,25.45599937438965,25.516000747680664,21.84427070617676,7202000,0.0,0.0,ICE,ICE
2008-02-20,25.288000106811523,26.93400001525879,24.809999465942383,26.86199951171875,22.996585845947266,10532000,0.0,0.0,ICE,ICE
2008-02-21,26.874000549316406,27.17399978637696,26.242000579833984,26.71199989318848,22.868162155151367,8291000,0.0,0.0,ICE,ICE
2008-02-22,26.770000457763672,26.89999961853028,25.70199966430664,26.89999961853028,23.029111862182617,6513000,0.0,0.0,ICE,ICE
2008-02-25,26.89999961853028,27.91200065612793,26.63999938964844,27.91200065612793,23.895484924316406,9711000,0.0,0.0,ICE,ICE
2008-02-26,27.6879997253418,27.992000579833984,26.95199966430664,27.10199928283692,23.202049255371094,8852500,0.0,0.0,ICE,ICE
2008-02-27,26.98200035095215,27.464000701904297,26.6200008392334,26.93199920654297,23.056507110595703,6506500,0.0,0.0,ICE,ICE
2008-02-28,26.68400001525879,27.0,26.107999801635746,26.790000915527344,22.934946060180664,6806500,0.0,0.0,ICE,ICE
2008-02-29,26.46999931335449,26.959999084472656,25.974000930786133,26.059999465942383,22.309988021850582,6983000,0.0,0.0,ICE,ICE
2008-03-03,26.062000274658203,27.40999984741211,26.059999465942383,26.586000442504883,22.760297775268555,10430500,0.0,0.0,ICE,ICE
2008-03-04,26.71999931335449,27.34000015258789,26.31399917602539,27.073999404907227,23.17807960510254,11051500,0.0,0.0,ICE,ICE
2008-03-05,27.39800071716309,28.85199928283692,27.20199966430664,27.371999740600582,23.43319320678711,24000000,0.0,0.0,ICE,ICE
2008-03-06,26.554000854492188,27.43000030517578,26.20800018310547,26.488000869750977,22.6763973236084,16007500,0.0,0.0,ICE,ICE
2008-03-07,26.10400009155273,27.266000747680664,25.61000061035156,26.37800025939941,22.58222389221192,16902500,0.0,0.0,ICE,ICE
2008-03-10,26.77199935913086,26.77199935913086,24.43600082397461,24.586000442504883,21.04809188842773,17830500,0.0,0.0,ICE,ICE
2008-03-11,25.229999542236328,27.54800033569336,24.874000549316406,27.45800018310547,23.50682258605957,15295000,0.0,0.0,ICE,ICE
2008-03-12,27.143999099731445,27.49799919128418,26.6879997253418,26.718000411987305,22.87330818176269,9163500,0.0,0.0,ICE,ICE
2008-03-13,26.22599983215332,27.97599983215332,25.299999237060547,27.6560001373291,23.67632293701172,17367500,0.0,0.0,ICE,ICE
2008-03-14,27.916000366210938,28.0,25.76799964904785,26.266000747680664,22.48634147644043,13357500,0.0,0.0,ICE,ICE
2008-03-17,25.038000106811523,25.739999771118164,22.049999237060547,24.48200035095215,20.959062576293945,25952500,0.0,0.0,ICE,ICE
2008-03-18,25.38400077819824,26.549999237060547,25.36800003051757,26.549999237060547,22.72948265075684,12385500,0.0,0.0,ICE,ICE
2008-03-19,26.597999572753903,26.597999572753903,24.420000076293945,24.503999710083008,20.977895736694336,10956500,0.0,0.0,ICE,ICE
2008-03-20,24.586000442504883,25.040000915527344,23.71199989318848,24.96999931335449,21.3768367767334,13361000,0.0,0.0,ICE,ICE
2008-03-24,24.850000381469727,26.18600082397461,24.81599998474121,25.474000930786133,21.80831527709961,7722000,0.0,0.0,ICE,ICE
2008-03-25,25.775999069213867,26.66399955749512,25.1879997253418,26.393999099731445,22.595924377441406,6619500,0.0,0.0,ICE,ICE
2008-03-26,26.20199966430664,27.27199935913086,25.690000534057617,26.76799964904785,22.91611289978028,8603000,0.0,0.0,ICE,ICE
2008-03-27,27.19599914550781,27.52400016784668,26.20599937438965,26.23600006103516,22.46065902709961,6927500,0.0,0.0,ICE,ICE
2008-03-28,26.23600006103516,26.77400016784668,25.799999237060547,25.950000762939453,22.21581649780273,5492000,0.0,0.0,ICE,ICE
2008-03-31,25.690000534057617,26.309999465942383,25.003999710083008,26.100000381469727,22.34424018859864,8754500,0.0,0.0,ICE,ICE
2008-04-01,26.52199935913086,27.82200050354004,26.39999961853028,27.82200050354004,23.818443298339844,7992500,0.0,0.0,ICE,ICE
2008-04-02,28.0,30.15999984741211,27.700000762939453,29.562000274658203,25.30805206298828,17975500,0.0,0.0,ICE,ICE
2008-04-03,29.441999435424805,30.19799995422364,28.724000930786133,29.850000381469727,25.55460929870605,7348500,0.0,0.0,ICE,ICE
2008-04-04,29.95400047302246,30.14800071716309,29.39999961853028,29.489999771118164,25.24641227722168,6847000,0.0,0.0,ICE,ICE
2008-04-07,29.84000015258789,30.48200035095215,29.66200065612793,29.979999542236328,25.665903091430664,5928000,0.0,0.0,ICE,ICE
2008-04-08,29.79599952697754,30.468000411987305,29.333999633789062,29.61000061035156,25.34914970397949,6957500,0.0,0.0,ICE,ICE
2008-04-09,29.6299991607666,29.92799949645996,28.926000595092773,29.275999069213867,25.063203811645508,6590000,0.0,0.0,ICE,ICE
2008-04-10,29.17200088500977,30.100000381469727,28.93199920654297,30.03199958801269,25.710418701171875,6884000,0.0,0.0,ICE,ICE
2008-04-11,29.538000106811523,30.395999908447266,29.312000274658203,29.576000213623047,25.320039749145508,7353000,0.0,0.0,ICE,ICE
2008-04-14,29.576000213623047,29.874000549316406,29.239999771118164,29.450000762939453,25.21217918395996,3237000,0.0,0.0,ICE,ICE
2008-04-15,29.836000442504883,30.04199981689453,29.21999931335449,29.643999099731445,25.37825393676757,4696000,0.0,0.0,ICE,ICE
2008-04-16,29.979999542236328,30.43400001525879,29.70400047302246,30.43400001525879,26.0545711517334,6141500,0.0,0.0,ICE,ICE
2008-04-17,30.275999069213867,31.700000762939453,30.23600006103516,31.440000534057617,26.915809631347656,14578500,0.0,0.0,ICE,ICE
2008-04-18,31.69799995422364,32.150001525878906,31.24799919128418,31.333999633789062,26.82506561279297,8342500,0.0,0.0,ICE,ICE
2008-04-21,31.43600082397461,32.18399810791016,31.209999084472656,31.90999984741211,27.31817626953125,6740500,0.0,0.0,ICE,ICE
2008-04-22,31.31999969482422,31.812000274658203,29.69799995422364,30.058000564575195,25.73268318176269,13014000,0.0,0.0,ICE,ICE
2008-04-23,30.20199966430664,30.79800033569336,29.895999908447266,30.29400062561035,25.934722900390625,5386000,0.0,0.0,ICE,ICE
2008-04-24,30.39800071716309,31.83799934387207,30.29400062561035,31.60400009155273,27.05621719360352,6968500,0.0,0.0,ICE,ICE
2008-04-25,31.775999069213867,32.349998474121094,31.22599983215332,32.108001708984375,27.487688064575195,7599000,0.0,0.0,ICE,ICE
2008-04-28,32.18399810791016,32.18399810791016,30.739999771118164,30.9060001373291,26.458654403686523,7923500,0.0,0.0,ICE,ICE
2008-04-29,31.007999420166016,31.06999969482422,30.200000762939453,30.350000381469727,25.98266792297364,6017000,0.0,0.0,ICE,ICE
2008-04-30,30.40399932861328,31.39800071716309,30.200000762939453,31.030000686645508,26.56481170654297,6207500,0.0,0.0,ICE,ICE
2008-05-01,31.100000381469727,32.0,30.6560001373291,32.0,27.39522361755371,8593500,0.0,0.0,ICE,ICE
2008-05-02,32.85200119018555,33.22600173950195,31.450000762939453,32.2239990234375,27.58699989318848,12450000,0.0,0.0,ICE,ICE
2008-05-05,32.215999603271484,32.79999923706055,31.802000045776367,32.512001037597656,27.833559036254883,5760000,0.0,0.0,ICE,ICE
2008-05-06,32.45800018310547,33.06800079345703,32.03799819946289,33.029998779296875,28.27701187133789,6423500,0.0,0.0,ICE,ICE
2008-05-07,33.029998779296875,33.45600128173828,31.8700008392334,31.94799995422364,27.3507022857666,5908500,0.0,0.0,ICE,ICE
2008-05-08,32.18399810791016,32.678001403808594,31.53400039672852,31.944000244140625,27.347288131713867,5463000,0.0,0.0,ICE,ICE
2008-05-09,31.874000549316406,31.979999542236328,31.11800003051757,31.312000274658203,26.806228637695312,5176500,0.0,0.0,ICE,ICE
2008-05-12,31.395999908447266,31.79199981689453,31.054000854492188,31.714000701904297,27.15038299560547,4712500,0.0,0.0,ICE,ICE
2008-05-13,31.99399948120117,32.375999450683594,31.513999938964844,32.13999938964844,27.515079498291016,4566000,0.0,0.0,ICE,ICE
2008-05-14,32.25,32.44599914550781,32.013999938964844,32.257999420166016,27.61610412597656,3974500,0.0,0.0,ICE,ICE
2008-05-15,32.1619987487793,32.66999816894531,31.600000381469727,31.799999237060547,27.224008560180664,5689000,0.0,0.0,ICE,ICE
2008-05-16,31.916000366210938,32.077999114990234,30.652000427246094,30.902000427246094,26.455224990844727,8131000,0.0,0.0,ICE,ICE
2008-05-19,31.0,32.0359992980957,30.39999961853028,30.55599975585937,26.15901565551757,6076000,0.0,0.0,ICE,ICE
2008-05-20,30.4379997253418,30.6560001373291,29.856000900268555,30.1200008392334,25.785757064819336,6173000,0.0,0.0,ICE,ICE
2008-05-21,30.20199966430664,30.465999603271484,28.60199928283692,28.66200065612793,24.53756523132324,7350000,0.0,0.0,ICE,ICE
2008-05-22,28.507999420166016,28.959999084472656,28.356000900268555,28.64200019836425,24.52043914794922,4996500,0.0,0.0,ICE,ICE
2008-05-23,28.733999252319336,28.75,27.790000915527344,28.54199981689453,24.4348373413086,5896500,0.0,0.0,ICE,ICE
2008-05-27,28.468000411987305,28.511999130249023,27.11599922180176,28.020000457763672,23.98794937133789,7331500,0.0,0.0,ICE,ICE
2008-05-28,28.11599922180176,28.690000534057617,27.39999961853028,27.84000015258789,23.833852767944336,6566500,0.0,0.0,ICE,ICE
2008-05-29,27.667999267578125,28.492000579833984,27.46999931335449,28.280000686645508,24.21053504943848,6249000,0.0,0.0,ICE,ICE
2008-05-30,28.21999931335449,28.5,27.395999908447266,27.63999938964844,23.662616729736328,6490000,0.0,0.0,ICE,ICE
2008-06-02,27.04400062561035,27.53199958801269,26.607999801635746,26.82999992370605,22.96918487548828,9554000,0.0,0.0,ICE,ICE
2008-06-03,26.81599998474121,27.100000381469727,25.74399948120117,26.426000595092773,22.623321533203125,11198500,0.0,0.0,ICE,ICE
2008-06-04,26.09199905395508,26.6560001373291,25.70599937438965,25.81399917602539,22.099390029907227,8877000,0.0,0.0,ICE,ICE
2008-06-05,26.082000732421875,27.326000213623047,25.8799991607666,27.326000213623047,23.3938102722168,9658500,0.0,0.0,ICE,ICE
2008-06-06,26.871999740600582,27.052000045776367,25.621999740600582,25.621999740600582,21.93501853942871,8290500,0.0,0.0,ICE,ICE
2008-06-09,25.89999961853028,25.95400047302246,24.586000442504883,25.40999984741211,21.75352478027344,9320500,0.0,0.0,ICE,ICE
2008-06-10,24.857999801635746,25.79800033569336,24.857999801635746,25.06399917602539,21.457305908203125,6807500,0.0,0.0,ICE,ICE
2008-06-11,25.20800018310547,25.20800018310547,23.256000518798828,23.42399978637696,20.053312301635746,18991500,0.0,0.0,ICE,ICE
2008-06-12,23.652000427246094,24.31999969482422,22.857999801635746,23.233999252319336,19.8906478881836,14427500,0.0,0.0,ICE,ICE
2008-06-13,23.503999710083008,24.631999969482425,23.30599975585937,24.600000381469727,21.060083389282227,8974000,0.0,0.0,ICE,ICE
2008-06-16,24.38599967956543,24.979999542236328,24.166000366210938,24.559999465942383,21.02583312988281,7283000,0.0,0.0,ICE,ICE
2008-06-17,24.84199905395508,25.332000732421875,24.309999465942383,24.621999740600582,21.078914642333984,8743000,0.0,0.0,ICE,ICE
2008-06-18,24.59000015258789,25.218000411987305,24.31999969482422,24.86599922180176,21.287803649902344,6912000,0.0,0.0,ICE,ICE
2008-06-19,25.145999908447266,26.540000915527344,25.016000747680664,26.530000686645508,22.71235466003418,12163000,0.0,0.0,ICE,ICE
2008-06-20,26.450000762939453,26.79800033569336,25.823999404907227,25.93600082397461,22.20383644104004,8992000,0.0,0.0,ICE,ICE
2008-06-23,26.013999938964844,26.327999114990234,25.40399932861328,25.724000930786133,22.0223388671875,5674500,0.0,0.0,ICE,ICE
2008-06-24,25.51000022888184,25.836000442504883,24.336000442504883,25.676000595092773,21.98124885559082,7694500,0.0,0.0,ICE,ICE
2008-06-25,25.67200088500977,26.19599914550781,25.50200080871582,25.8439998626709,22.12506866455078,8850000,0.0,0.0,ICE,ICE
2008-06-26,25.304000854492188,25.38999938964844,24.402000427246094,24.402000427246094,20.890575408935547,6637000,0.0,0.0,ICE,ICE
2008-06-27,24.242000579833984,24.799999237060547,23.3439998626709,23.76000022888184,20.340951919555664,9257500,0.0,0.0,ICE,ICE
2008-06-30,23.802000045776367,23.92200088500977,22.79800033569336,22.799999237060547,19.51910400390625,8957000,0.0,0.0,ICE,ICE
2008-07-01,22.61000061035156,23.275999069213867,22.242000579833984,23.049999237060547,19.733129501342773,9990000,0.0,0.0,ICE,ICE
2008-07-02,23.200000762939453,23.277999877929688,21.600000381469727,21.6200008392334,18.508899688720703,9531500,0.0,0.0,ICE,ICE
2008-07-03,21.6879997253418,21.916000366210938,20.63999938964844,21.200000762939453,18.14933967590332,6153500,0.0,0.0,ICE,ICE
2008-07-07,21.10400009155273,21.857999801635746,20.31399917602539,20.742000579833984,17.757247924804688,8253500,0.0,0.0,ICE,ICE
2008-07-08,20.76000022888184,21.333999633789062,20.09000015258789,21.25,18.192148208618164,12769500,0.0,0.0,ICE,ICE
2008-07-09,21.25,21.31999969482422,19.02400016784668,19.077999114990234,16.332691192626953,14630500,0.0,0.0,ICE,ICE
2008-07-10,19.100000381469727,19.100000381469727,16.18199920654297,17.059999465942383,14.60508155822754,42430500,0.0,0.0,ICE,ICE
2008-07-11,16.5,18.121999740600582,16.040000915527344,17.68000030517578,15.13586711883545,20316000,0.0,0.0,ICE,ICE
2008-07-14,18.030000686645508,18.238000869750977,17.02199935913086,17.02199935913086,14.572542190551758,13475000,0.0,0.0,ICE,ICE
2008-07-15,16.993999481201172,18.030000686645508,16.445999145507812,17.280000686645508,14.79342555999756,17041500,0.0,0.0,ICE,ICE
2008-07-16,17.281999588012695,18.74799919128418,17.040000915527344,18.74799919128418,16.050174713134766,13877500,0.0,0.0,ICE,ICE
2008-07-17,19.13999938964844,19.13999938964844,17.5,18.082000732421875,15.480022430419922,13879500,0.0,0.0,ICE,ICE
2008-07-18,17.857999801635742,18.082000732421875,17.34600067138672,17.889999389648438,15.31564712524414,8690000,0.0,0.0,ICE,ICE
2008-07-21,17.79800033569336,18.34000015258789,17.516000747680664,17.899999618530273,15.324207305908203,7167500,0.0,0.0,ICE,ICE
2008-07-22,17.799999237060547,19.51000022888184,17.43199920654297,19.441999435424805,16.644315719604492,12291500,0.0,0.0,ICE,ICE
2008-07-23,19.280000686645508,19.440000534057617,18.402000427246094,19.0,16.265914916992188,15145500,0.0,0.0,ICE,ICE
2008-07-24,18.920000076293945,19.47800064086914,18.14800071716309,18.20400047302246,15.58445930480957,11951500,0.0,0.0,ICE,ICE
2008-07-25,18.38400077819824,20.799999237060547,18.17799949645996,20.57999992370605,17.618553161621094,19041500,0.0,0.0,ICE,ICE
2008-07-28,20.69599914550781,20.974000930786133,19.66200065612793,19.799999237060547,16.950803756713867,14630500,0.0,0.0,ICE,ICE
2008-07-29,19.93600082397461,20.86000061035156,19.549999237060547,20.86000061035156,17.85826873779297,7401500,0.0,0.0,ICE,ICE
2008-07-30,20.89999961853028,20.99799919128418,20.04599952697754,20.83799934387207,17.83942985534668,10259500,0.0,0.0,ICE,ICE
2008-07-31,20.38599967956543,20.70400047302246,19.799999237060547,19.959999084472656,17.0877742767334,7896000,0.0,0.0,ICE,ICE
2008-08-01,20.214000701904297,20.214000701904297,18.31999969482422,19.239999771118164,16.47138023376465,11823500,0.0,0.0,ICE,ICE
2008-08-04,19.69799995422364,19.69799995422364,16.760000228881836,17.08799934387207,14.629051208496094,17727500,0.0,0.0,ICE,ICE
2008-08-05,17.422000885009766,17.88599967956543,17.030000686645508,17.823999404907227,15.259143829345703,14612500,0.0,0.0,ICE,ICE
2008-08-06,17.82200050354004,17.860000610351562,16.799999237060547,16.920000076293945,14.48522663116455,12560000,0.0,0.0,ICE,ICE
2008-08-07,16.700000762939453,17.56399917602539,16.700000762939453,16.899999618530273,14.468101501464844,13304500,0.0,0.0,ICE,ICE
2008-08-08,16.729999542236328,17.582000732421875,16.492000579833984,17.540000915527344,15.016014099121094,9739000,0.0,0.0,ICE,ICE
2008-08-11,17.450000762939453,17.510000228881836,16.91200065612793,17.356000900268555,14.858491897583008,7138500,0.0,0.0,ICE,ICE
2008-08-12,16.899999618530273,17.34000015258789,16.489999771118164,16.63800048828125,14.243807792663574,8372000,0.0,0.0,ICE,ICE
2008-08-13,16.461999893188477,16.889999389648438,16.152000427246094,16.54800033569336,14.16675853729248,11780000,0.0,0.0,ICE,ICE
2008-08-14,16.374000549316406,17.65399932861328,16.374000549316406,17.441999435424805,14.93211269378662,9167500,0.0,0.0,ICE,ICE
2008-08-15,17.56800079345703,17.790000915527344,17.115999221801758,17.389999389648438,14.887595176696776,11662500,0.0,0.0,ICE,ICE
2008-08-18,17.3799991607666,17.398000717163086,16.45199966430664,16.507999420166016,14.132518768310549,12478500,0.0,0.0,ICE,ICE
2008-08-19,16.56599998474121,16.790000915527344,16.275999069213867,16.600000381469727,14.211276054382324,10083500,0.0,0.0,ICE,ICE
2008-08-20,16.538000106811523,17.149999618530273,16.50200080871582,17.11400032043457,14.651311874389648,9725000,0.0,0.0,ICE,ICE
2008-08-21,16.922000885009766,17.163999557495117,16.600000381469727,16.829999923706055,14.40817928314209,7337500,0.0,0.0,ICE,ICE
2008-08-22,17.06999969482422,17.673999786376953,17.0,17.6200008392334,15.08449935913086,9062000,0.0,0.0,ICE,ICE
2008-08-25,17.583999633789062,17.75200080871582,16.95199966430664,16.989999771118164,14.54515552520752,6376500,0.0,0.0,ICE,ICE
2008-08-26,16.99799919128418,17.077999114990234,16.643999099731445,16.947999954223633,14.509199142456056,4540500,0.0,0.0,ICE,ICE
2008-08-27,16.969999313354492,17.628000259399414,16.799999237060547,17.600000381469727,15.067378044128418,5847500,0.0,0.0,ICE,ICE
2008-08-28,17.784000396728516,18.11800003051757,17.607999801635742,18.11800003051757,15.510838508605955,6511500,0.0,0.0,ICE,ICE
2008-08-29,17.788000106811523,17.965999603271484,17.601999282836914,17.606000900268555,15.072518348693848,4473000,0.0,0.0,ICE,ICE
2008-09-02,17.854000091552734,18.729999542236328,17.854000091552734,18.393999099731445,15.747118949890137,19469500,0.0,0.0,ICE,ICE
2008-09-03,18.468000411987305,18.729999542236328,17.84600067138672,18.558000564575195,15.887526512145996,16339500,0.0,0.0,ICE,ICE
2008-09-04,18.39999961853028,18.989999771118164,18.058000564575195,18.100000381469727,15.495428085327148,14616000,0.0,0.0,ICE,ICE
2008-09-05,18.058000564575195,19.56599998474121,17.983999252319336,19.554000854492188,16.74019432067871,13510000,0.0,0.0,ICE,ICE
2008-09-08,20.0939998626709,20.496000289916992,18.89999961853028,19.91399955749512,17.04839324951172,14869000,0.0,0.0,ICE,ICE
2008-09-09,19.777999877929688,19.86800003051757,17.672000885009766,17.672000885009766,15.12901782989502,17768500,0.0,0.0,ICE,ICE
2008-09-10,17.8439998626709,18.450000762939453,17.422000885009766,18.1259994506836,15.517682075500488,12637000,0.0,0.0,ICE,ICE
2008-09-11,17.601999282836914,18.54400062561035,17.139999389648438,18.483999252319336,15.824166297912598,12271500,0.0,0.0,ICE,ICE
2008-09-12,18.0,18.18000030517578,16.916000366210938,18.18000030517578,15.563916206359863,14677500,0.0,0.0,ICE,ICE
2008-09-15,16.986000061035156,17.554000854492188,15.477999687194824,15.529999732971191,13.295246124267578,16108000,0.0,0.0,ICE,ICE
2008-09-16,14.630000114440918,15.199999809265137,13.616000175476074,15.194000244140623,13.007593154907228,23589500,0.0,0.0,ICE,ICE
2008-09-17,14.73799991607666,14.73799991607666,13.324000358581545,13.333999633789062,11.415249824523926,19613000,0.0,0.0,ICE,ICE
2008-09-18,13.600000381469728,15.175999641418455,12.27400016784668,15.052000045776367,12.886033058166504,21569000,0.0,0.0,ICE,ICE
2008-09-19,17.18199920654297,17.32200050354004,15.41800022125244,17.32200050354004,14.82937717437744,17292000,0.0,0.0,ICE,ICE
2008-09-22,17.549999237060547,17.600000381469727,15.154000282287598,15.154000282287598,12.97335433959961,6555500,0.0,0.0,ICE,ICE
2008-09-23,15.531999588012695,16.100000381469727,14.763999938964844,15.5,13.26956272125244,5858000,0.0,0.0,ICE,ICE
2008-09-24,15.800000190734863,15.803999900817873,15.0,15.020000457763672,12.858636856079102,3688500,0.0,0.0,ICE,ICE
2008-09-25,15.137999534606934,16.0939998626709,15.128000259399414,15.979999542236328,13.680492401123049,3893500,0.0,0.0,ICE,ICE
2008-09-26,14.751999855041504,15.791999816894531,14.449999809265137,15.770000457763672,13.500713348388672,4111500,0.0,0.0,ICE,ICE
2008-09-29,15.597999572753906,15.597999572753906,12.199999809265137,12.97599983215332,11.108766555786133,7363000,0.0,0.0,ICE,ICE
2008-09-30,13.553999900817873,16.299999237060547,13.350000381469728,16.13599967956543,13.814043998718262,8756000,0.0,0.0,ICE,ICE
2008-10-01,15.994000434875488,17.0,15.498000144958496,16.986000061035156,14.541729927062988,7729500,0.0,0.0,ICE,ICE
2008-10-02,16.483999252319336,16.959999084472656,15.956000328063965,15.956000328063965,13.659944534301758,5416500,0.0,0.0,ICE,ICE
2008-10-03,16.31800079345703,17.134000778198242,15.0,15.642000198364258,13.391131401062012,8716500,0.0,0.0,ICE,ICE
2008-10-06,15.18000030517578,16.95599937438965,14.404000282287598,16.31800079345703,13.969855308532717,9158000,0.0,0.0,ICE,ICE
2008-10-07,16.700000762939453,17.899999618530273,16.020000457763672,16.908000946044922,14.474956512451172,12601000,0.0,0.0,ICE,ICE
2008-10-08,16.0,17.604000091552734,14.895999908447266,16.534000396728516,14.154776573181152,9793500,0.0,0.0,ICE,ICE
2008-10-09,17.506000518798828,17.506000518798828,13.399999618530272,13.75,11.77138614654541,14790500,0.0,0.0,ICE,ICE
2008-10-10,12.812000274658203,15.868000030517578,12.31999969482422,14.800000190734863,12.670291900634766,18598500,0.0,0.0,ICE,ICE
2008-10-13,16.049999237060547,17.224000930786133,15.104000091552734,17.224000930786133,14.74548053741455,9325000,0.0,0.0,ICE,ICE
2008-10-14,17.79800033569336,17.79800033569336,16.29800033569336,16.8799991607666,14.450979232788086,13809500,0.0,0.0,ICE,ICE
2008-10-15,16.42799949645996,17.5,14.223999977111816,14.232000350952148,12.18402862548828,8859500,0.0,0.0,ICE,ICE
2008-10-16,15.0,15.63599967956543,14.039999961853027,15.567999839782717,13.32777976989746,9167500,0.0,0.0,ICE,ICE
2008-10-17,15.267999649047852,17.29800033569336,15.185999870300291,16.81999969482422,14.399617195129396,14445500,0.0,0.0,ICE,ICE
2008-10-20,17.48200035095215,17.5,15.718000411987305,16.13800048828125,13.815753936767578,10557500,0.0,0.0,ICE,ICE
2008-10-21,15.854000091552734,16.77199935913086,15.390000343322754,15.45400047302246,13.230183601379396,9922000,0.0,0.0,ICE,ICE
2008-10-22,15.001999855041504,15.071999549865724,13.321999549865724,13.72599983215332,11.75084114074707,8148500,0.0,0.0,ICE,ICE
2008-10-23,13.85200023651123,14.248000144958496,12.350000381469728,12.890000343322754,11.03514003753662,10706500,0.0,0.0,ICE,ICE
2008-10-24,11.0,12.477999687194824,10.604000091552734,11.90999984741211,10.196160316467283,12703500,0.0,0.0,ICE,ICE
2008-10-27,11.501999855041504,12.3100004196167,10.855999946594238,10.855999946594238,9.293831825256348,9324500,0.0,0.0,ICE,ICE
2008-10-28,11.600000381469728,12.859999656677246,10.656000137329102,12.859999656677246,11.009455680847168,10395000,0.0,0.0,ICE,ICE
2008-10-29,12.67199993133545,13.697999954223633,12.20199966430664,12.357999801635742,10.579694747924805,9414500,0.0,0.0,ICE,ICE
2008-10-30,13.904000282287598,17.399999618530273,13.899999618530272,17.399999618530273,14.896150588989258,32681000,0.0,0.0,ICE,ICE
2008-10-31,16.600000381469727,17.760000228881836,16.402000427246094,17.11199951171875,14.6495943069458,17243500,0.0,0.0,ICE,ICE
2008-11-03,16.91200065612793,17.27400016784668,16.239999771118164,16.827999114990234,14.406464576721191,6419500,0.0,0.0,ICE,ICE
2008-11-04,17.700000762939453,18.59600067138672,17.01799964904785,18.507999420166016,15.84471607208252,14341000,0.0,0.0,ICE,ICE
2008-11-05,18.04800033569336,18.17200088500977,16.3799991607666,16.3799991607666,14.02293586730957,10485000,0.0,0.0,ICE,ICE
2008-11-06,16.18600082397461,16.492000579833984,15.086000442504885,15.118000030517578,12.942532539367676,12325500,0.0,0.0,ICE,ICE
2008-11-07,15.37399959564209,16.04400062561035,14.899999618530272,16.04199981689453,13.733569145202637,8882500,0.0,0.0,ICE,ICE
2008-11-10,16.277999877929688,16.530000686645508,14.416000366210938,14.604000091552734,12.5024995803833,8252000,0.0,0.0,ICE,ICE
2008-11-11,14.449999809265137,15.175999641418455,13.81999969482422,14.675999641418455,12.56413745880127,9153500,0.0,0.0,ICE,ICE
2008-11-12,14.470000267028809,14.66800022125244,13.472000122070312,13.501999855041504,11.559072494506836,7785500,0.0,0.0,ICE,ICE
2008-11-13,13.739999771118164,15.09000015258789,13.10200023651123,14.946000099182127,12.795284271240234,13372500,0.0,0.0,ICE,ICE
2008-11-14,14.649999618530272,15.302000045776367,14.039999961853027,14.17199993133545,12.13265895843506,10660500,0.0,0.0,ICE,ICE
2008-11-17,14.027999877929688,14.173999786376951,13.020000457763672,13.029999732971191,11.154994010925291,7962500,0.0,0.0,ICE,ICE
2008-11-18,13.144000053405762,13.359999656677246,12.258000373840332,12.946000099182127,11.08308219909668,8851500,0.0,0.0,ICE,ICE
2008-11-19,12.708000183105469,12.890000343322754,11.637999534606934,11.657999992370604,9.980422973632812,9990500,0.0,0.0,ICE,ICE
2008-11-20,11.362000465393066,11.593999862670898,9.937999725341797,10.137999534606934,8.67915153503418,22605000,0.0,0.0,ICE,ICE
2008-11-21,10.472000122070312,11.75,9.95199966430664,11.699999809265137,10.016377449035645,15077500,0.0,0.0,ICE,ICE
2008-11-24,12.413999557495115,13.300000190734863,11.62399959564209,13.234000205993652,11.329636573791504,14673500,0.0,0.0,ICE,ICE
2008-11-25,13.612000465393066,14.083999633789062,13.039999961853027,13.739999771118164,11.762822151184082,10618000,0.0,0.0,ICE,ICE
2008-11-26,13.052000045776367,15.0,13.052000045776367,14.883999824523926,12.74220371246338,7462000,0.0,0.0,ICE,ICE
2008-11-28,14.66800022125244,15.076000213623049,14.241999626159668,14.720000267028809,12.601805686950684,3164000,0.0,0.0,ICE,ICE
2008-12-01,14.196000099182127,14.196000099182127,11.854000091552734,12.133999824523926,10.387930870056152,12327000,0.0,0.0,ICE,ICE
2008-12-02,12.359999656677246,12.791999816894531,11.20199966430664,12.564000129699709,10.756052017211914,13803000,0.0,0.0,ICE,ICE
2008-12-03,11.734000205993652,13.362000465393066,11.607999801635742,13.362000465393066,11.439217567443848,8917000,0.0,0.0,ICE,ICE
2008-12-04,12.781999588012695,14.394000053405762,12.696000099182127,13.29800033569336,11.384429931640623,12334500,0.0,0.0,ICE,ICE
2008-12-05,13.154000282287598,14.37399959564209,12.855999946594238,14.324000358581545,12.262789726257324,8973000,0.0,0.0,ICE,ICE
2008-12-08,15.055999755859377,16.402000427246094,15.055999755859377,16.270000457763672,13.928760528564451,12087000,0.0,0.0,ICE,ICE
2008-12-09,15.746000289916992,16.618000030517578,15.010000228881836,15.39799976348877,13.18224048614502,11460000,0.0,0.0,ICE,ICE
2008-12-10,15.744000434875488,15.789999961853027,14.649999618530272,15.494000434875488,13.264426231384276,8218000,0.0,0.0,ICE,ICE
2008-12-11,15.199999809265137,16.229999542236328,14.682000160217283,14.734000205993652,12.613791465759276,7553500,0.0,0.0,ICE,ICE
2008-12-12,13.96399974822998,15.5,13.800000190734863,15.357999801635742,13.147998809814451,7357000,0.0,0.0,ICE,ICE
2008-12-15,15.413999557495115,15.51200008392334,13.972000122070312,14.232000350952148,12.18402862548828,8136500,0.0,0.0,ICE,ICE
2008-12-16,14.402000427246094,16.142000198364258,14.350000381469728,16.034000396728516,13.726722717285156,11731500,0.0,0.0,ICE,ICE
2008-12-17,15.630000114440918,16.559999465942383,15.550000190734863,16.375999450683594,14.019509315490724,8929500,0.0,0.0,ICE,ICE
2008-12-18,16.399999618530273,17.0,16.236000061035156,16.312000274658203,13.96471881866455,11060500,0.0,0.0,ICE,ICE
2008-12-19,16.489999771118164,16.799999237060547,15.6899995803833,16.040000915527344,13.731857299804688,10199500,0.0,0.0,ICE,ICE
2008-12-22,16.284000396728516,16.284000396728516,15.26200008392334,15.800000190734863,13.526395797729492,10099000,0.0,0.0,ICE,ICE
2008-12-23,15.878000259399414,16.381999969482422,15.57800006866455,15.57800006866455,13.33634090423584,7705000,0.0,0.0,ICE,ICE
2008-12-24,15.449999809265137,15.59000015258789,15.03600025177002,15.276000022888184,13.077794075012209,3684500,0.0,0.0,ICE,ICE
2008-12-26,15.38599967956543,15.527999877929688,14.84000015258789,15.324000358581545,13.118890762329102,8285500,0.0,0.0,ICE,ICE
2008-12-29,15.390000343322754,15.755999565124512,15.0,15.27400016784668,13.076088905334473,6236000,0.0,0.0,ICE,ICE
2008-12-30,15.378000259399414,16.027999877929688,15.064000129699709,16.020000457763672,13.714735984802246,6559000,0.0,0.0,ICE,ICE
2008-12-31,15.95400047302246,16.719999313354492,15.913999557495115,16.488000869750977,14.115389823913574,5982000,0.0,0.0,ICE,ICE
2009-01-02,16.441999435424805,17.0,15.91800022125244,16.913999557495117,14.480087280273438,6737500,0.0,0.0,ICE,ICE
2009-01-05,16.083999633789062,16.200000762939453,14.531999588012695,14.600000381469728,12.499070167541504,18936500,0.0,0.0,ICE,ICE
2009-01-06,14.1899995803833,14.20400047302246,12.210000038146973,12.517999649047852,10.716669082641602,48907500,0.0,0.0,ICE,ICE
2009-01-07,12.244000434875488,13.18000030517578,11.907999992370604,12.815999984741213,10.97178840637207,21984500,0.0,0.0,ICE,ICE
2009-01-08,12.645999908447266,13.14799976348877,12.503999710083008,12.960000038146973,11.095067977905272,12389000,0.0,0.0,ICE,ICE
2009-01-09,12.949999809265137,13.003999710083008,12.58199977874756,12.776000022888184,10.937544822692873,10757000,0.0,0.0,ICE,ICE
2009-01-12,12.70199966430664,12.777999877929688,12.104000091552734,12.25,10.487236976623535,9842500,0.0,0.0,ICE,ICE
2009-01-13,12.100000381469728,12.593999862670898,11.826000213623049,12.366000175476074,10.586543083190918,8553500,0.0,0.0,ICE,ICE
2009-01-14,11.96399974822998,12.196000099182127,11.359999656677246,11.79800033569336,10.1002779006958,15478000,0.0,0.0,ICE,ICE
2009-01-15,11.82800006866455,12.062000274658203,10.960000038146973,11.482000350952148,9.82974910736084,18640000,0.0,0.0,ICE,ICE
2009-01-16,11.850000381469728,12.194000244140623,11.338000297546388,11.531999588012695,9.872552871704102,15870500,0.0,0.0,ICE,ICE
2009-01-20,11.526000022888184,11.526000022888184,10.184000015258787,10.184000015258787,8.718534469604492,18818000,0.0,0.0,ICE,ICE
2009-01-21,10.402000427246094,11.13599967956543,10.211999893188477,11.088000297546388,9.49244785308838,17094000,0.0,0.0,ICE,ICE
2009-01-22,10.739999771118164,11.092000007629396,10.260000228881836,10.62600040435791,9.096924781799316,11396500,0.0,0.0,ICE,ICE
2009-01-23,10.399999618530272,11.39799976348877,10.020000457763672,11.326000213623049,9.696195602416992,14073500,0.0,0.0,ICE,ICE
2009-01-26,11.460000038146973,11.793999671936035,10.843999862670898,11.156000137329102,9.550662994384766,9071000,0.0,0.0,ICE,ICE
2009-01-27,11.300000190734863,11.770000457763672,11.050000190734863,11.631999969482422,9.958168029785156,10503500,0.0,0.0,ICE,ICE
2009-01-28,12.140000343322754,12.489999771118164,11.812000274658203,12.36400032043457,10.584831237792969,14078500,0.0,0.0,ICE,ICE
2009-01-29,12.01200008392334,12.130000114440918,11.434000015258787,11.592000007629396,9.92392349243164,12938000,0.0,0.0,ICE,ICE
2009-01-30,11.8100004196167,11.965999603271484,11.222000122070312,11.38599967956543,9.747564315795898,11841500,0.0,0.0,ICE,ICE
2009-02-02,11.11400032043457,11.166000366210938,10.66800022125244,10.989999771118164,9.40854549407959,11137000,0.0,0.0,ICE,ICE
2009-02-03,11.11400032043457,11.996000289916992,11.107999801635742,11.781999588012695,10.086580276489258,13012500,0.0,0.0,ICE,ICE
2009-02-04,11.89799976348877,12.215999603271484,11.661999702453612,11.836000442504885,10.13280963897705,8135500,0.0,0.0,ICE,ICE
2009-02-05,11.630000114440918,12.529999732971191,11.583999633789062,12.284000396728516,10.516343116760254,9065500,0.0,0.0,ICE,ICE
2009-02-06,12.371999740600586,13.156000137329102,12.22599983215332,12.694000244140623,10.867342948913574,11964500,0.0,0.0,ICE,ICE
2009-02-09,12.58199977874756,12.894000053405762,12.206000328063965,12.45199966430664,10.660168647766112,14696000,0.0,0.0,ICE,ICE
2009-02-10,11.92199993133545,13.402000427246094,11.907999992370604,12.288000106811523,10.519767761230469,20452500,0.0,0.0,ICE,ICE
2009-02-11,12.520000457763672,12.739999771118164,12.107999801635742,12.571999549865724,10.762899398803713,13045000,0.0,0.0,ICE,ICE
2009-02-12,12.185999870300291,12.47599983215332,11.800000190734863,12.395999908447266,10.612223625183104,10831000,0.0,0.0,ICE,ICE
2009-02-13,12.232000350952148,12.91800022125244,12.210000038146973,12.62399959564209,10.807415008544922,9647500,0.0,0.0,ICE,ICE
2009-02-17,12.071999549865724,12.104000091552734,11.607999801635742,11.666000366210938,9.98727321624756,10785500,0.0,0.0,ICE,ICE
2009-02-18,11.880000114440918,12.015999794006348,11.28600025177002,11.628000259399414,9.95473861694336,7872000,0.0,0.0,ICE,ICE
2009-02-19,11.83199977874756,11.97599983215332,11.234000205993652,11.29599952697754,9.670515060424805,10651500,0.0,0.0,ICE,ICE
2009-02-20,11.043999671936035,11.765999794006348,10.850000381469728,11.607999801635742,9.937617301940918,12311000,0.0,0.0,ICE,ICE
2009-02-23,11.862000465393066,11.862000465393066,10.755999565124512,10.755999565124512,9.208221435546877,8469000,0.0,0.0,ICE,ICE
2009-02-24,10.881999969482422,11.399999618530272,10.517999649047852,11.33199977874756,9.701333999633787,9590500,0.0,0.0,ICE,ICE
2009-02-25,11.255999565124512,12.23799991607666,11.052000045776367,11.76200008392334,10.0694580078125,11668500,0.0,0.0,ICE,ICE
2009-02-26,12.039999961853027,12.354000091552734,11.600000381469728,11.800000190734863,10.101990699768066,10021500,0.0,0.0,ICE,ICE
2009-02-27,11.553999900817873,12.0,11.303999900817873,11.354000091552734,9.720170021057127,8365000,0.0,0.0,ICE,ICE
2009-03-02,11.197999954223633,11.432000160217283,10.54800033569336,10.562000274658203,9.04214096069336,9288500,0.0,0.0,ICE,ICE
2009-03-03,10.791999816894531,11.279999732971191,10.654000282287598,10.92199993133545,9.350334167480469,8697000,0.0,0.0,ICE,ICE
2009-03-04,11.251999855041504,11.715999603271484,11.0600004196167,11.473999977111816,9.822901725769045,9574000,0.0,0.0,ICE,ICE
2009-03-05,11.70400047302246,12.043999671936035,11.30799961090088,11.60200023651123,9.93248176574707,12178500,0.0,0.0,ICE,ICE
2009-03-06,11.77400016784668,12.09000015258789,11.260000228881836,12.07800006866455,10.339984893798828,11904500,0.0,0.0,ICE,ICE
2009-03-09,12.064000129699709,12.776000022888184,12.010000228881836,12.215999603271484,10.458128929138184,11336500,0.0,0.0,ICE,ICE
2009-03-10,12.62600040435791,12.62600040435791,11.907999992370604,12.104000091552734,10.362242698669434,15455500,0.0,0.0,ICE,ICE
2009-03-11,12.26200008392334,12.803999900817873,11.812000274658203,12.538000106811523,10.733793258666992,10643500,0.0,0.0,ICE,ICE
2009-03-12,12.47599983215332,13.446000099182127,12.239999771118164,13.347999572753906,11.42723274230957,11076000,0.0,0.0,ICE,ICE
2009-03-13,13.347999572753906,13.779999732971191,13.001999855041504,13.685999870300291,11.716596603393556,12845500,0.0,0.0,ICE,ICE
2009-03-16,13.92199993133545,14.302000045776367,13.656000137329102,13.739999771118164,11.762822151184082,13521000,0.0,0.0,ICE,ICE
2009-03-17,13.75,14.44200038909912,13.444000244140623,14.4399995803833,12.362096786499023,10456000,0.0,0.0,ICE,ICE
2009-03-18,14.20400047302246,15.675999641418455,14.04599952697754,15.552000045776367,13.314078330993652,19800500,0.0,0.0,ICE,ICE
2009-03-19,15.83199977874756,15.899999618530272,14.729999542236328,14.789999961853027,12.661733627319336,15626500,0.0,0.0,ICE,ICE
2009-03-20,14.907999992370604,15.071999549865724,14.326000213623049,14.329999923706056,12.267924308776855,9088000,0.0,0.0,ICE,ICE
2009-03-23,14.904000282287598,15.90999984741211,14.812000274658203,15.90999984741211,13.620566368103027,11715000,0.0,0.0,ICE,ICE
2009-03-24,15.362000465393066,15.913999557495115,15.20199966430664,15.324000358581545,13.118890762329102,11129000,0.0,0.0,ICE,ICE
2009-03-25,15.166000366210938,15.838000297546388,14.473999977111816,15.267999649047852,13.07094955444336,12261500,0.0,0.0,ICE,ICE
2009-03-26,15.47599983215332,16.290000915527344,15.208000183105469,16.18000030517578,13.851716995239258,11798000,0.0,0.0,ICE,ICE
2009-03-27,15.85200023651123,16.145999908447266,15.640000343322754,15.722000122070312,13.459620475769045,6839500,0.0,0.0,ICE,ICE
2009-03-30,15.08199977874756,15.222000122070312,14.576000213623049,14.61400032043457,12.511059761047363,11057500,0.0,0.0,ICE,ICE
2009-03-31,14.866000175476074,15.08199977874756,14.555999755859377,14.894000053405762,12.75076675415039,10030000,0.0,0.0,ICE,ICE
2009-04-01,14.600000381469728,15.043999671936035,14.411999702453612,14.729999542236328,12.610363960266112,10690000,0.0,0.0,ICE,ICE
2009-04-02,15.02400016784668,15.994000434875488,15.02400016784668,15.640000343322754,13.389415740966797,14355000,0.0,0.0,ICE,ICE
2009-04-03,16.058000564575195,17.054000854492188,15.95199966430664,17.054000854492188,14.599946022033691,19024000,0.0,0.0,ICE,ICE
2009-04-06,16.59000015258789,16.711999893188477,16.304000854492188,16.483999252319336,14.111968040466309,11798000,0.0,0.0,ICE,ICE
2009-04-07,16.31800079345703,17.718000411987305,16.260000228881836,16.893999099731445,14.46296501159668,18270000,0.0,0.0,ICE,ICE
2009-04-08,17.073999404907227,17.534000396728516,16.618000030517578,17.445999145507812,14.93553638458252,12478000,0.0,0.0,ICE,ICE
2009-04-09,17.50200080871582,17.823999404907227,17.20199966430664,17.823999404907227,15.259143829345703,12283000,0.0,0.0,ICE,ICE
2009-04-13,17.74799919128418,18.285999298095703,17.375999450683594,18.233999252319336,15.610140800476074,8718500,0.0,0.0,ICE,ICE
2009-04-14,18.0,18.05599975585937,17.128000259399414,17.163999557495117,14.694113731384276,10895000,0.0,0.0,ICE,ICE
2009-04-15,17.20800018310547,17.461999893188477,16.860000610351562,17.360000610351562,14.861910820007324,10408500,0.0,0.0,ICE,ICE
2009-04-16,17.54199981689453,17.54400062561035,16.520000457763672,17.034000396728516,14.582823753356934,11542000,0.0,0.0,ICE,ICE
2009-04-17,16.95199966430664,17.54800033569336,16.601999282836914,17.31800079345703,14.825956344604492,9942500,0.0,0.0,ICE,ICE
2009-04-20,16.989999771118164,17.600000381469727,16.516000747680664,16.833999633789062,14.411601066589355,12900500,0.0,0.0,ICE,ICE
2009-04-21,16.79800033569336,17.799999237060547,16.631999969482422,17.74799919128418,15.194074630737305,10096000,0.0,0.0,ICE,ICE
2009-04-22,17.40999984741211,17.95599937438965,16.3700008392334,16.54199981689453,14.161619186401367,13586000,0.0,0.0,ICE,ICE
2009-04-23,16.90399932861328,16.99799919128418,16.25200080871582,16.93400001525879,14.497210502624512,14518500,0.0,0.0,ICE,ICE
2009-04-24,16.809999465942383,17.06399917602539,16.459999084472656,16.878000259399414,14.44926643371582,9196500,0.0,0.0,ICE,ICE
2009-04-27,16.860000610351562,17.854000091552734,16.639999389648438,17.540000915527344,15.016014099121094,11508500,0.0,0.0,ICE,ICE
2009-04-28,17.101999282836914,17.600000381469727,16.760000228881836,16.760000228881836,14.348248481750488,9866000,0.0,0.0,ICE,ICE
2009-04-29,16.979999542236328,17.549999237060547,16.827999114990234,17.422000885009766,14.91498851776123,8402500,0.0,0.0,ICE,ICE
2009-04-30,17.673999786376953,18.04599952697754,17.381999969482422,17.520000457763672,14.998887062072754,7540000,0.0,0.0,ICE,ICE
2009-05-01,17.43600082397461,17.784000396728516,16.91200065612793,17.030000686645508,14.57939624786377,6900500,0.0,0.0,ICE,ICE
2009-05-04,17.49799919128418,18.11000061035156,17.40399932861328,18.086000442504883,15.483437538146973,14629500,0.0,0.0,ICE,ICE
2009-05-05,17.86400032043457,20.920000076293945,17.86400032043457,20.39999961853028,17.464452743530273,27748500,0.0,0.0,ICE,ICE
2009-05-06,20.209999084472656,20.327999114990234,18.95199966430664,19.55599975585937,16.741912841796875,18224500,0.0,0.0,ICE,ICE
2009-05-07,19.600000381469727,19.700000762939453,18.8799991607666,19.03199958801269,16.293306350708008,12228500,0.0,0.0,ICE,ICE
2009-05-08,19.34600067138672,19.67799949645996,19.100000381469727,19.45599937438965,16.656295776367188,10481000,0.0,0.0,ICE,ICE
2009-05-11,19.0,19.253999710083008,18.39999961853028,18.45599937438965,15.800200462341309,8181000,0.0,0.0,ICE,ICE
2009-05-12,18.67399978637696,19.5939998626709,18.336000442504883,19.299999237060547,16.522747039794922,14219000,0.0,0.0,ICE,ICE
2009-05-13,18.91399955749512,20.299999237060547,18.643999099731445,19.31800079345703,16.538150787353516,26784000,0.0,0.0,ICE,ICE
2009-05-14,19.670000076293945,20.66399955749512,19.64200019836425,20.152000427246094,17.252145767211914,22728000,0.0,0.0,ICE,ICE
2009-05-15,19.88999938964844,20.0,19.31599998474121,19.38400077819824,16.594663619995117,11348500,0.0,0.0,ICE,ICE
2009-05-18,19.559999465942383,20.79800033569336,19.42799949645996,20.722000122070312,17.7401180267334,11591000,0.0,0.0,ICE,ICE
2009-05-19,20.49799919128418,21.738000869750977,20.062000274658203,20.81599998474121,17.82059097290039,17313500,0.0,0.0,ICE,ICE
2009-05-20,20.902000427246094,21.20199966430664,19.549999237060547,19.66200065612793,16.832660675048828,16511000,0.0,0.0,ICE,ICE
2009-05-21,19.67399978637696,20.18000030517578,19.21999931335449,19.73200035095215,16.892581939697266,11219000,0.0,0.0,ICE,ICE
2009-05-22,20.450000762939453,20.450000762939453,19.73200035095215,19.89999961853028,17.036401748657227,8835500,0.0,0.0,ICE,ICE
2009-05-26,19.964000701904297,20.538000106811523,19.63400077819824,20.416000366210938,17.4781551361084,11102000,0.0,0.0,ICE,ICE
2009-05-27,20.583999633789062,21.194000244140625,20.27400016784668,20.496000289916992,17.546646118164062,10868000,0.0,0.0,ICE,ICE
2009-05-28,20.59000015258789,21.621999740600582,20.57999992370605,21.540000915527344,18.440410614013672,9470500,0.0,0.0,ICE,ICE
2009-05-29,21.60400009155273,21.676000595092773,20.979999542236328,21.558000564575195,18.45582771301269,8171000,0.0,0.0,ICE,ICE
2009-06-01,21.600000381469727,22.42799949645996,21.53400039672852,22.006000518798828,18.839359283447266,9842000,0.0,0.0,ICE,ICE
2009-06-02,22.11000061035156,23.31599998474121,21.90399932861328,23.030000686645508,19.71600341796875,13389000,0.0,0.0,ICE,ICE
2009-06-03,22.88999938964844,22.94799995422364,22.326000213623047,22.5,19.26226234436035,7946500,0.0,0.0,ICE,ICE
2009-06-04,22.790000915527344,24.0,22.450000762939453,23.94799995422364,20.50189971923828,12216500,0.0,0.0,ICE,ICE
2009-06-05,24.38599967956543,24.38599967956543,22.75200080871582,22.972000122070312,19.66634178161621,12831500,0.0,0.0,ICE,ICE
2009-06-08,22.79400062561035,23.87800025939941,22.299999237060547,23.621999740600582,20.22281074523925,9625000,0.0,0.0,ICE,ICE
2009-06-09,23.95199966430664,24.32999992370605,23.44599914550781,23.56800079345703,20.17658233642578,11164000,0.0,0.0,ICE,ICE
2009-06-10,24.049999237060547,24.06800079345703,22.511999130249023,22.94799995422364,19.64580345153809,10701000,0.0,0.0,ICE,ICE
2009-06-11,23.020000457763672,23.64800071716309,22.64200019836425,23.32200050354004,19.965984344482425,7093500,0.0,0.0,ICE,ICE
2009-06-12,22.86400032043457,23.275999069213867,22.57999992370605,23.21999931335449,19.87866401672364,5458000,0.0,0.0,ICE,ICE
2009-06-15,22.959999084472656,22.99799919128418,22.215999603271484,22.61599922180176,19.361576080322266,5827500,0.0,0.0,ICE,ICE
2009-06-16,22.79400062561035,22.89800071716309,22.040000915527344,22.31800079345703,19.10645294189453,7408000,0.0,0.0,ICE,ICE
2009-06-17,22.336000442504883,22.70800018310547,21.76799964904785,21.79800033569336,18.66128730773925,9256500,0.0,0.0,ICE,ICE
2009-06-18,21.761999130249023,22.700000762939453,21.64999961853028,22.582000732421875,19.33247375488281,7288500,0.0,0.0,ICE,ICE
2009-06-19,22.89999961853028,23.19599914550781,22.36599922180176,23.054000854492188,19.73655128479004,7624000,0.0,0.0,ICE,ICE
2009-06-22,22.61400032043457,22.75200080871582,21.20599937438965,21.20599937438965,18.15447425842285,9425000,0.0,0.0,ICE,ICE
2009-06-23,21.26799964904785,21.492000579833984,20.79599952697754,21.43400001525879,18.34967041015625,7712000,0.0,0.0,ICE,ICE
2009-06-24,21.799999237060547,22.69799995422364,21.61800003051757,22.506000518798828,19.26740837097168,7898500,0.0,0.0,ICE,ICE
2009-06-25,22.49799919128418,22.88800048828125,22.04800033569336,22.753999710083008,19.47971534729004,6532000,0.0,0.0,ICE,ICE
2009-06-26,22.68199920654297,23.506000518798828,22.5939998626709,23.20400047302246,19.86496353149414,7961500,0.0,0.0,ICE,ICE
2009-06-29,23.06800079345703,23.67399978637696,22.847999572753903,23.67200088500977,20.2656192779541,5704500,0.0,0.0,ICE,ICE
2009-06-30,23.440000534057617,23.64999961853028,22.79400062561035,22.847999572753903,19.56018829345703,6355000,0.0,0.0,ICE,ICE
2009-07-01,22.93400001525879,23.052000045776367,22.302000045776367,22.3439998626709,19.12871742248535,6248000,0.0,0.0,ICE,ICE
2009-07-02,22.01000022888184,22.54800033569336,21.827999114990234,21.827999114990234,18.68696975708008,7724500,0.0,0.0,ICE,ICE
2009-07-06,21.70400047302246,22.327999114990234,21.57999992370605,22.016000747680664,18.84791374206543,7022000,0.0,0.0,ICE,ICE
2009-07-07,21.926000595092773,22.11199951171875,19.347999572753903,19.606000900268555,16.78472328186035,21396000,0.0,0.0,ICE,ICE
2009-07-08,18.93400001525879,19.0,16.743999481201172,17.040000915527344,14.5879545211792,54318500,0.0,0.0,ICE,ICE
2009-07-09,17.673999786376953,17.965999603271484,17.11199951171875,17.166000366210938,14.695825576782228,28042500,0.0,0.0,ICE,ICE
2009-07-10,17.214000701904297,17.4060001373291,16.600000381469727,16.940000534057617,14.50235080718994,15261000,0.0,0.0,ICE,ICE
2009-07-13,17.270000457763672,17.8799991607666,16.65999984741211,17.804000854492188,15.242018699645996,15243500,0.0,0.0,ICE,ICE
2009-07-14,17.84000015258789,17.84000015258789,16.74799919128418,17.054000854492188,14.599946022033691,12155500,0.0,0.0,ICE,ICE
2009-07-15,17.534000396728516,18.722000122070312,17.360000610351562,18.26000022888184,15.632402420043944,23605000,0.0,0.0,ICE,ICE
2009-07-16,18.15999984741211,18.468000411987305,17.65399932861328,18.006000518798828,15.414958000183104,12575000,0.0,0.0,ICE,ICE
2009-07-17,17.988000869750977,18.36000061035156,17.700000762939453,18.200000762939453,15.581036567687988,8057500,0.0,0.0,ICE,ICE
2009-07-20,18.280000686645508,18.8439998626709,17.90999984741211,18.527999877929688,15.861839294433594,9020000,0.0,0.0,ICE,ICE
2009-07-21,18.68000030517578,18.799999237060547,17.964000701904297,18.14800071716309,15.53652000427246,6931000,0.0,0.0,ICE,ICE
2009-07-22,18.0,18.3759994506836,17.77199935913086,17.941999435424805,15.36016082763672,6412500,0.0,0.0,ICE,ICE
2009-07-23,18.010000228881836,18.874000549316406,17.621999740600586,18.72599983215332,16.031343460083008,10638000,0.0,0.0,ICE,ICE
2009-07-24,18.51000022888184,18.63999938964844,18.15399932861328,18.624000549316406,15.944029808044434,5783000,0.0,0.0,ICE,ICE
2009-07-27,18.507999420166016,18.95599937438965,18.31599998474121,18.700000762939453,16.009090423583984,8119000,0.0,0.0,ICE,ICE
2009-07-28,18.083999633789062,18.39999961853028,17.631999969482422,18.215999603271484,15.594732284545898,11807000,0.0,0.0,ICE,ICE
2009-07-29,18.02400016784668,18.799999237060547,18.0,18.600000381469727,15.923479080200195,8890000,0.0,0.0,ICE,ICE
2009-07-30,18.809999465942383,19.562000274658203,18.756000518798828,19.1879997253418,16.426864624023438,9854500,0.0,0.0,ICE,ICE
2009-07-31,19.10400009155273,19.27199935913086,18.600000381469727,18.812000274658203,16.104969024658203,9115000,0.0,0.0,ICE,ICE
2009-08-03,19.07200050354004,19.347999572753903,18.600000381469727,19.214000701904297,16.44913101196289,12552000,0.0,0.0,ICE,ICE
2009-08-04,18.902000427246094,19.63999938964844,18.07200050354004,18.308000564575195,15.67349338531494,17270000,0.0,0.0,ICE,ICE
2009-08-05,18.761999130249023,18.89999961853028,18.503999710083008,18.70800018310547,16.01593780517578,7649000,0.0,0.0,ICE,ICE
2009-08-06,18.893999099731445,18.91200065612793,18.062000274658203,18.42799949645996,15.776227951049805,7877000,0.0,0.0,ICE,ICE
2009-08-07,18.714000701904297,19.106000900268555,18.16399955749512,18.71999931335449,16.026206970214844,8507500,0.0,0.0,ICE,ICE
2009-08-10,18.61400032043457,18.89999961853028,18.441999435424805,18.73600006103516,16.03990364074707,6507000,0.0,0.0,ICE,ICE
2009-08-11,18.799999237060547,18.92399978637696,18.011999130249023,18.059999465942383,15.461183547973633,9101500,0.0,0.0,ICE,ICE
2009-08-12,18.190000534057617,18.474000930786133,18.02199935913086,18.229999542236328,15.606719970703123,5995500,0.0,0.0,ICE,ICE
2009-08-13,18.39999961853028,18.45400047302246,17.920000076293945,18.214000701904297,15.593018531799316,5375000,0.0,0.0,ICE,ICE
2009-08-14,18.121999740600582,18.29199981689453,17.875999450683594,18.097999572753903,15.493719100952148,4128000,0.0,0.0,ICE,ICE
2009-08-17,17.607999801635742,17.856000900268555,17.016000747680664,17.408000946044922,14.903005599975586,7067000,0.0,0.0,ICE,ICE
2009-08-18,17.510000228881836,17.889999389648438,17.275999069213867,17.823999404907227,15.259143829345703,7149000,0.0,0.0,ICE,ICE
2009-08-19,17.43199920654297,18.106000900268555,17.3799991607666,17.969999313354492,15.384127616882324,8585500,0.0,0.0,ICE,ICE
2009-08-20,18.0,19.011999130249023,17.968000411987305,19.0,16.265914916992188,9674000,0.0,0.0,ICE,ICE
2009-08-21,19.200000762939453,19.24399948120117,18.788000106811523,19.1879997253418,16.426864624023438,9447000,0.0,0.0,ICE,ICE
2009-08-24,19.347999572753903,19.715999603271484,18.82200050354004,18.856000900268555,16.142642974853516,9882500,0.0,0.0,ICE,ICE
2009-08-25,18.968000411987305,19.257999420166016,18.44599914550781,18.67399978637696,15.986825942993164,8374000,0.0,0.0,ICE,ICE
2009-08-26,18.60199928283692,18.61800003051757,18.280000686645508,18.59600067138672,15.92005443572998,7241000,0.0,0.0,ICE,ICE
2009-08-27,18.577999114990234,18.69799995422364,18.20199966430664,18.26000022888184,15.632402420043944,7236000,0.0,0.0,ICE,ICE
2009-08-28,18.417999267578125,18.733999252319336,18.27199935913086,18.68199920654297,15.993680000305176,6828000,0.0,0.0,ICE,ICE
2009-08-31,18.39800071716309,18.81800079345703,18.1560001373291,18.76000022888184,16.060455322265625,5775000,0.0,0.0,ICE,ICE
2009-09-01,18.739999771118164,19.059999465942383,18.253999710083008,18.27199935913086,15.642678260803224,6502500,0.0,0.0,ICE,ICE
2009-09-02,18.14800071716309,18.59600067138672,18.082000732421875,18.11800003051757,15.510838508605955,4991500,0.0,0.0,ICE,ICE
2009-09-03,18.299999237060547,18.357999801635746,17.697999954223633,17.988000869750977,15.399544715881348,5970500,0.0,0.0,ICE,ICE
2009-09-04,17.979999542236328,18.124000549316406,17.440000534057617,17.91200065612793,15.334478378295898,7437500,0.0,0.0,ICE,ICE
2009-09-08,18.18400001525879,18.18400001525879,17.84000015258789,17.959999084472656,15.375570297241213,5054500,0.0,0.0,ICE,ICE
2009-09-09,18.14200019836425,18.194000244140625,17.67799949645996,17.77400016784668,15.216338157653809,6998500,0.0,0.0,ICE,ICE
2009-09-10,17.742000579833984,17.881999969482422,17.299999237060547,17.871999740600586,15.3002347946167,7721500,0.0,0.0,ICE,ICE
2009-09-11,17.871999740600586,17.920000076293945,17.479999542236328,17.63800048828125,15.099907875061035,4989500,0.0,0.0,ICE,ICE
2009-09-14,17.486000061035156,18.04400062561035,17.332000732421875,18.04400062561035,15.447489738464355,5229500,0.0,0.0,ICE,ICE
2009-09-15,18.11599922180176,18.270000457763672,17.648000717163086,18.083999633789062,15.481728553771973,6948500,0.0,0.0,ICE,ICE
2009-09-16,18.11400032043457,19.052000045776367,18.06999969482422,19.007999420166016,16.27276611328125,10793000,0.0,0.0,ICE,ICE
2009-09-17,18.996000289916992,19.59600067138672,18.89200019836425,19.27400016784668,16.500490188598633,8906500,0.0,0.0,ICE,ICE
2009-09-18,19.393999099731445,19.81999969482422,19.082000732421875,19.525999069213867,16.71622657775879,8970000,0.0,0.0,ICE,ICE
2009-09-21,19.290000915527344,19.57200050354004,18.100000381469727,19.37800025939941,16.58952522277832,4635500,0.0,0.0,ICE,ICE
2009-09-22,19.621999740600582,19.87800025939941,19.100000381469727,19.770000457763672,16.925111770629883,6347500,0.0,0.0,ICE,ICE
2009-09-23,19.75,20.145999908447266,19.48200035095215,19.483999252319336,16.680267333984375,7224000,0.0,0.0,ICE,ICE
2009-09-24,19.506000518798828,19.506000518798828,18.44799995422364,18.606000900268555,15.92861270904541,8187000,0.0,0.0,ICE,ICE
2009-09-25,18.46199989318848,18.57999992370605,18.062000274658203,18.209999084472656,15.589592933654783,5547000,0.0,0.0,ICE,ICE
2009-09-28,18.29800033569336,19.05599975585937,18.263999938964844,18.99799919128418,16.26420783996582,5886000,0.0,0.0,ICE,ICE
2009-09-29,19.08799934387207,19.299999237060547,18.950000762939453,19.007999420166016,16.27276611328125,4672500,0.0,0.0,ICE,ICE
2009-09-30,19.1200008392334,19.799999237060547,18.964000701904297,19.4379997253418,16.640892028808594,11266500,0.0,0.0,ICE,ICE
2009-10-01,19.28400039672852,19.489999771118164,18.402000427246094,18.76799964904785,16.067304611206055,9814000,0.0,0.0,ICE,ICE
2009-10-02,18.600000381469727,18.856000900268555,18.200000762939453,18.263999938964844,15.63582706451416,9238000,0.0,0.0,ICE,ICE
2009-10-05,18.64800071716309,19.01000022888184,18.36000061035156,18.99799919128418,16.26420783996582,6924000,0.0,0.0,ICE,ICE
2009-10-06,19.191999435424805,19.288000106811523,18.86199951171875,19.097999572753903,16.349817276000977,5129000,0.0,0.0,ICE,ICE
2009-10-07,19.05599975585937,19.107999801635746,18.606000900268555,18.81800079345703,16.110111236572266,5786000,0.0,0.0,ICE,ICE
2009-10-08,18.98200035095215,18.98200035095215,18.63400077819824,18.67399978637696,15.986825942993164,7416500,0.0,0.0,ICE,ICE
2009-10-09,18.691999435424805,19.270000457763672,18.600000381469727,19.191999435424805,16.430288314819336,6257500,0.0,0.0,ICE,ICE
2009-10-12,19.275999069213867,19.39200019836425,18.92200088500977,19.1200008392334,16.368650436401367,3874500,0.0,0.0,ICE,ICE
2009-10-13,18.979999542236328,19.26000022888184,18.881999969482425,19.14999961853028,16.394329071044922,3763500,0.0,0.0,ICE,ICE
2009-10-14,19.39800071716309,19.700000762939453,19.21999931335449,19.45800018310547,16.65801429748535,8514000,0.0,0.0,ICE,ICE
2009-10-15,19.280000686645508,19.700000762939453,19.224000930786133,19.64999961853028,16.8223819732666,3656000,0.0,0.0,ICE,ICE
2009-10-16,19.804000854492188,21.25,19.799999237060547,21.167999267578125,18.1219425201416,18149500,0.0,0.0,ICE,ICE
2009-10-19,21.20199966430664,21.45400047302246,20.84600067138672,21.20599937438965,18.15447425842285,11182000,0.0,0.0,ICE,ICE
2009-10-20,21.0939998626709,21.583999633789062,20.98600006103516,21.190000534057617,18.14077377319336,6439000,0.0,0.0,ICE,ICE
2009-10-21,21.10400009155273,21.917999267578125,21.049999237060547,21.285999298095703,18.222957611083984,6511000,0.0,0.0,ICE,ICE
2009-10-22,21.23200035095215,21.5939998626709,21.100000381469727,21.312000274658203,18.24521446228028,3781000,0.0,0.0,ICE,ICE
2009-10-23,21.39200019836425,21.39200019836425,20.81999969482422,20.90800094604492,17.89936065673828,4429000,0.0,0.0,ICE,ICE
2009-10-26,20.950000762939453,21.489999771118164,20.586000442504883,20.64999961853028,17.678482055664062,3447000,0.0,0.0,ICE,ICE
2009-10-27,20.729999542236328,20.881999969482425,20.496000289916992,20.55599975585937,17.598003387451172,3627500,0.0,0.0,ICE,ICE
2009-10-28,20.54599952697754,20.8439998626709,20.10400009155273,20.121999740600582,17.226457595825195,5252500,0.0,0.0,ICE,ICE
2009-10-29,20.3759994506836,21.170000076293945,19.559999465942383,21.086000442504883,18.05174827575684,9622000,0.0,0.0,ICE,ICE
2009-10-30,20.979999542236328,21.36000061035156,19.996000289916992,20.038000106811523,17.154552459716797,6014000,0.0,0.0,ICE,ICE
2009-11-02,20.302000045776367,20.902000427246094,20.04400062561035,20.56599998474121,17.6065731048584,5024000,0.0,0.0,ICE,ICE
2009-11-03,20.4060001373291,20.76000022888184,19.299999237060547,20.261999130249023,17.346317291259766,10404000,0.0,0.0,ICE,ICE
2009-11-04,20.51799964904785,20.66200065612793,19.916000366210938,19.97599983215332,17.101472854614258,3585500,0.0,0.0,ICE,ICE
2009-11-05,20.176000595092773,20.941999435424805,20.176000595092773,20.9060001373291,17.89763641357422,5082000,0.0,0.0,ICE,ICE
2009-11-06,20.75200080871582,21.257999420166016,20.552000045776367,21.20199966430664,18.151046752929688,5432000,0.0,0.0,ICE,ICE
2009-11-09,21.49799919128418,21.780000686645508,21.27199935913086,21.583999633789062,18.47807884216309,4289500,0.0,0.0,ICE,ICE
2009-11-10,21.43199920654297,21.583999633789062,21.22800064086914,21.489999771118164,18.397607803344727,4162500,0.0,0.0,ICE,ICE
2009-11-11,21.61400032043457,21.988000869750977,21.459999084472656,21.6259994506836,18.514034271240234,4563500,0.0,0.0,ICE,ICE
2009-11-12,21.51000022888184,21.89999961853028,21.468000411987305,21.56599998474121,18.46267318725586,3672500,0.0,0.0,ICE,ICE
2009-11-13,21.50200080871582,21.79800033569336,21.350000381469727,21.70599937438965,18.5825252532959,2722500,0.0,0.0,ICE,ICE
2009-11-16,21.79800033569336,22.270000457763672,21.715999603271484,22.006000518798828,18.839359283447266,4371000,0.0,0.0,ICE,ICE
2009-11-17,22.11199951171875,22.20400047302246,21.77199935913086,21.85400009155273,18.709228515625,2736000,0.0,0.0,ICE,ICE
2009-11-18,21.902000427246094,21.950000762939453,21.700000762939453,21.8799991607666,18.731483459472656,2534000,0.0,0.0,ICE,ICE
2009-11-19,21.71999931335449,21.788000106811523,21.100000381469727,21.35199928283692,18.27947235107422,4729500,0.0,0.0,ICE,ICE
2009-11-20,21.21999931335449,21.46199989318848,21.01799964904785,21.35400009155273,18.281179428100582,3022000,0.0,0.0,ICE,ICE
2009-11-23,21.597999572753903,22.10199928283692,21.51799964904785,21.71999931335449,18.594507217407227,3652500,0.0,0.0,ICE,ICE
2009-11-24,21.72599983215332,21.72800064086914,21.246000289916992,21.49399948120117,18.401037216186523,2363500,0.0,0.0,ICE,ICE
2009-11-25,21.472000122070312,21.694000244140625,21.4060001373291,21.583999633789062,18.47807884216309,2095500,0.0,0.0,ICE,ICE
2009-11-27,21.04800033569336,21.3439998626709,20.8439998626709,20.964000701904297,17.94729995727539,2375000,0.0,0.0,ICE,ICE
2009-11-30,21.013999938964844,21.39200019836425,20.895999908447266,21.357999801635746,18.284603118896484,3592500,0.0,0.0,ICE,ICE
2009-12-01,21.549999237060547,21.69599914550781,21.299999237060547,21.562000274658203,18.45924568176269,2742000,0.0,0.0,ICE,ICE
2009-12-02,21.51799964904785,21.95199966430664,21.26000022888184,21.323999404907227,18.255495071411133,4251500,0.0,0.0,ICE,ICE
2009-12-03,21.402000427246094,21.48600006103516,20.959999084472656,21.01799964904785,17.993518829345703,3808500,0.0,0.0,ICE,ICE
2009-12-04,21.323999404907227,21.44799995422364,20.56599998474121,21.020000457763672,17.995237350463867,4340000,0.0,0.0,ICE,ICE
2009-12-07,20.96199989318848,20.96199989318848,20.450000762939453,20.80599975585937,17.812034606933594,5057000,0.0,0.0,ICE,ICE
2009-12-08,20.73600006103516,21.02199935913086,20.63400077819824,21.007999420166016,17.98497200012207,3745000,0.0,0.0,ICE,ICE
2009-12-09,21.007999420166016,21.190000534057617,20.780000686645508,21.06999969482422,18.038047790527344,3660000,0.0,0.0,ICE,ICE
2009-12-10,20.78400039672852,21.600000381469727,20.78400039672852,21.200000762939453,18.14933967590332,4689500,0.0,0.0,ICE,ICE
2009-12-11,21.440000534057617,21.99399948120117,21.299999237060547,21.89800071716309,18.746902465820312,5666000,0.0,0.0,ICE,ICE
2009-12-14,22.013999938964844,22.06800079345703,21.666000366210938,21.95199966430664,18.79312515258789,4132500,0.0,0.0,ICE,ICE
2009-12-15,21.785999298095703,21.84199905395508,21.28199958801269,21.3439998626709,18.27261543273925,4622500,0.0,0.0,ICE,ICE
2009-12-16,21.440000534057617,21.5,21.176000595092773,21.38400077819824,18.30686378479004,2646500,0.0,0.0,ICE,ICE
2009-12-17,21.270000457763672,21.45599937438965,21.209999084472656,21.312000274658203,18.24521446228028,3750500,0.0,0.0,ICE,ICE
2009-12-18,21.39999961853028,21.53199958801269,20.857999801635746,21.333999633789062,18.264062881469727,5459500,0.0,0.0,ICE,ICE
2009-12-21,21.28400039672852,21.75200080871582,21.28400039672852,21.6200008392334,18.508899688720703,3005000,0.0,0.0,ICE,ICE
2009-12-22,21.66399955749512,22.11000061035156,21.606000900268555,22.058000564575195,18.883867263793945,2835000,0.0,0.0,ICE,ICE
2009-12-23,22.086000442504883,22.086000442504883,21.722000122070312,21.777999877929688,18.6441650390625,2514000,0.0,0.0,ICE,ICE
2009-12-24,21.775999069213867,21.944000244140625,21.71199989318848,21.9379997253418,18.78114128112793,494000,0.0,0.0,ICE,ICE
2009-12-28,22.04400062561035,22.715999603271484,21.940000534057617,22.503999710083008,19.26569938659668,5088000,0.0,0.0,ICE,ICE
2009-12-29,22.506000518798828,22.799999237060547,22.3799991607666,22.520000457763672,19.27938842773437,3251500,0.0,0.0,ICE,ICE
2009-12-30,22.45800018310547,22.98600006103516,22.31999969482422,22.666000366210938,19.40437889099121,3831500,0.0,0.0,ICE,ICE
2009-12-31,22.64800071716309,22.75,22.43199920654297,22.459999084472656,19.228025436401367,2215500,0.0,0.0,ICE,ICE
2010-01-04,22.61800003051757,22.700000762939453,22.3799991607666,22.573999404907227,19.32562828063965,3637000,0.0,0.0,ICE,ICE
2010-01-05,22.39999961853028,22.402000427246094,21.549999237060547,21.724000930786133,18.597936630249023,7804000,0.0,0.0,ICE,ICE
2010-01-06,21.440000534057617,21.709999084472656,20.926000595092773,21.054000854492188,18.02434730529785,9618000,0.0,0.0,ICE,ICE
2010-01-07,20.95400047302246,21.71199989318848,20.90999984741211,21.62800025939941,18.51575469970703,6298500,0.0,0.0,ICE,ICE
2010-01-08,21.54199981689453,22.1200008392334,21.356000900268555,21.69599914550781,18.573963165283203,6318000,0.0,0.0,ICE,ICE
2010-01-11,21.761999130249023,21.96199989318848,21.53400039672852,21.700000762939453,18.577390670776367,3100000,0.0,0.0,ICE,ICE
2010-01-12,21.573999404907227,21.79400062561035,20.95599937438965,21.145999908447266,18.10310173034668,7038500,0.0,0.0,ICE,ICE
2010-01-13,21.22599983215332,21.64800071716309,21.08799934387207,21.52400016784668,18.426719665527344,5804000,0.0,0.0,ICE,ICE
2010-01-14,21.51000022888184,22.13800048828125,21.395999908447266,21.92200088500977,18.76744270324707,4959500,0.0,0.0,ICE,ICE
2010-01-15,21.881999969482425,22.006000518798828,21.39999961853028,21.4060001373291,18.3256950378418,4206500,0.0,0.0,ICE,ICE
2010-01-19,21.3759994506836,21.92799949645996,21.280000686645508,21.81599998474121,18.676700592041016,4762500,0.0,0.0,ICE,ICE
2010-01-20,21.667999267578125,21.75,21.27199935913086,21.527999877929688,18.430137634277344,4676000,0.0,0.0,ICE,ICE
2010-01-21,21.552000045776367,21.63800048828125,20.302000045776367,20.71199989318848,17.731563568115234,11066000,0.0,0.0,ICE,ICE
2010-01-22,20.65399932861328,20.920000076293945,19.96199989318848,20.03199958801269,17.14940643310547,10386500,0.0,0.0,ICE,ICE
2010-01-25,20.729999542236328,20.893999099731445,20.18000030517578,20.18400001525879,17.279541015625,5574500,0.0,0.0,ICE,ICE
2010-01-26,20.08799934387207,20.08799934387207,19.040000915527344,19.062000274658203,16.31900405883789,11907500,0.0,0.0,ICE,ICE
2010-01-27,19.32200050354004,19.46999931335449,18.700000762939453,19.41200065612793,16.618629455566406,11118500,0.0,0.0,ICE,ICE
2010-01-28,19.540000915527344,19.54800033569336,18.89999961853028,19.06800079345703,16.324134826660156,6062000,0.0,0.0,ICE,ICE
2010-01-29,19.261999130249023,19.799999237060547,18.93600082397461,19.09600067138672,16.348102569580078,7461500,0.0,0.0,ICE,ICE
2010-02-01,19.26799964904785,19.64800071716309,18.979999542236328,19.586000442504883,16.767601013183594,5944500,0.0,0.0,ICE,ICE
2010-02-02,19.63800048828125,20.09600067138672,19.506000518798828,19.808000564575195,16.95764923095703,5744000,0.0,0.0,ICE,ICE
2010-02-03,19.92399978637696,20.333999633789062,19.874000549316406,19.96199989318848,17.0894832611084,4853000,0.0,0.0,ICE,ICE
2010-02-04,19.81999969482422,19.81999969482422,18.802000045776367,19.11400032043457,16.36351203918457,9605500,0.0,0.0,ICE,ICE
2010-02-05,19.1299991607666,19.70800018310547,18.89200019836425,19.694000244140625,16.860048294067383,6857500,0.0,0.0,ICE,ICE
2010-02-08,19.89800071716309,20.131999969482425,19.40800094604492,19.40800094604492,16.61520767211914,8118000,0.0,0.0,ICE,ICE
2010-02-09,19.64999961853028,19.95599937438965,19.43400001525879,19.77400016784668,16.928537368774414,6248500,0.0,0.0,ICE,ICE
2010-02-10,19.31399917602539,19.58799934387207,18.88999938964844,19.13599967956543,16.38234519958496,11035500,0.0,0.0,ICE,ICE
2010-02-11,19.37800025939941,20.073999404907227,19.34000015258789,19.89800071716309,17.034696578979492,6733000,0.0,0.0,ICE,ICE
2010-02-12,19.733999252319336,20.15999984741211,19.65999984741211,20.10199928283692,17.209341049194336,4822500,0.0,0.0,ICE,ICE
2010-02-16,20.257999420166016,20.86599922180176,20.222000122070312,20.832000732421875,17.834293365478516,6140000,0.0,0.0,ICE,ICE
2010-02-17,20.8759994506836,20.950000762939453,20.31999969482422,20.562000274658203,17.6031494140625,5536500,0.0,0.0,ICE,ICE
2010-02-18,20.552000045776367,20.68600082397461,20.327999114990234,20.472000122070312,17.526100158691406,3133500,0.0,0.0,ICE,ICE
2010-02-19,20.33799934387207,20.81999969482422,20.326000213623047,20.700000762939453,17.72128677368164,5828000,0.0,0.0,ICE,ICE
2010-02-22,20.761999130249023,20.8439998626709,20.51799964904785,20.552000045776367,17.594581604003906,3766500,0.0,0.0,ICE,ICE
2010-02-23,20.43199920654297,20.746000289916992,20.3700008392334,20.43600082397461,17.495283126831055,4339000,0.0,0.0,ICE,ICE
2010-02-24,20.52199935913086,20.902000427246094,20.50200080871582,20.84000015258789,17.84114646911621,4109500,0.0,0.0,ICE,ICE
2010-02-25,20.507999420166016,21.09000015258789,20.3700008392334,21.01799964904785,17.993518829345703,4361000,0.0,0.0,ICE,ICE
2010-02-26,21.07999992370605,21.49399948120117,20.926000595092773,21.45800018310547,18.37020874023437,4721000,0.0,0.0,ICE,ICE
2010-03-01,21.44599914550781,21.690000534057617,21.256000518798828,21.61800003051757,18.50718879699707,3943000,0.0,0.0,ICE,ICE
2010-03-02,21.67399978637696,21.93400001525879,21.520000457763672,21.63800048828125,18.524309158325195,5128000,0.0,0.0,ICE,ICE
2010-03-03,21.676000595092773,21.836000442504883,21.426000595092773,21.468000411987305,18.378772735595703,4201500,0.0,0.0,ICE,ICE
2010-03-04,21.45800018310547,21.88800048828125,21.4379997253418,21.790000915527344,18.65444564819336,4111500,0.0,0.0,ICE,ICE
2010-03-05,21.89200019836425,21.95599937438965,21.670000076293945,21.88800048828125,18.73833465576172,4078500,0.0,0.0,ICE,ICE
2010-03-08,21.86000061035156,22.07999992370605,21.65999984741211,22.04400062561035,18.871885299682617,2684500,0.0,0.0,ICE,ICE
2010-03-09,21.979999542236328,22.049999237060547,21.79400062561035,21.941999435424805,18.78456687927246,4824500,0.0,0.0,ICE,ICE
2010-03-10,21.968000411987305,22.077999114990234,21.63599967956543,22.0,18.83422088623047,4408000,0.0,0.0,ICE,ICE
2010-03-11,21.95800018310547,22.395999908447266,21.88800048828125,22.332000732421875,19.118446350097656,3558000,0.0,0.0,ICE,ICE
2010-03-12,22.39800071716309,22.51799964904785,21.833999633789062,22.04599952697754,18.873598098754883,4762000,0.0,0.0,ICE,ICE
2010-03-15,21.71999931335449,21.84000015258789,21.402000427246094,21.777999877929688,18.6441650390625,3415000,0.0,0.0,ICE,ICE
2010-03-16,21.802000045776367,21.89999961853028,21.5939998626709,21.742000579833984,18.61334228515625,2029000,0.0,0.0,ICE,ICE
2010-03-17,21.850000381469727,22.059999465942383,21.76000022888184,21.88999938964844,18.740047454833984,2911500,0.0,0.0,ICE,ICE
2010-03-18,21.96999931335449,22.285999298095703,21.715999603271484,21.90800094604492,18.75545883178711,3108000,0.0,0.0,ICE,ICE
2010-03-19,21.621999740600582,22.082000732421875,21.54599952697754,21.621999740600582,18.51061248779297,4318000,0.0,0.0,ICE,ICE
2010-03-22,21.48600006103516,22.03199958801269,21.37800025939941,21.97599983215332,18.813671112060547,2470500,0.0,0.0,ICE,ICE
2010-03-23,22.04199981689453,22.04599952697754,21.738000869750977,21.96999931335449,18.80853843688965,2417000,0.0,0.0,ICE,ICE
2010-03-24,21.93000030517578,22.25,21.742000579833984,22.097999572753903,18.91811752319336,3467500,0.0,0.0,ICE,ICE
2010-03-25,22.214000701904297,22.4379997253418,21.95400047302246,21.979999542236328,18.81709098815918,3265000,0.0,0.0,ICE,ICE
2010-03-26,22.052000045776367,22.46999931335449,22.049999237060547,22.215999603271484,19.01913452148437,3185500,0.0,0.0,ICE,ICE
2010-03-29,22.29800033569336,22.39999961853028,22.06599998474121,22.27199935913086,19.067073822021484,3769500,0.0,0.0,ICE,ICE
2010-03-30,22.27199935913086,22.299999237060547,21.98200035095215,22.07200050354004,18.89585876464844,2385500,0.0,0.0,ICE,ICE
2010-03-31,22.06399917602539,22.724000930786133,22.040000915527344,22.43600082397461,19.207481384277344,6380500,0.0,0.0,ICE,ICE
2010-04-01,22.54599952697754,22.79199981689453,22.37800025939941,22.535999298095703,19.2930908203125,3868500,0.0,0.0,ICE,ICE
2010-04-05,22.525999069213867,22.62800025939941,22.007999420166016,22.077999114990234,18.900991439819336,5715000,0.0,0.0,ICE,ICE
2010-04-06,21.78400039672852,21.81399917602539,21.1299991607666,21.41399955749512,18.33254814147949,7411000,0.0,0.0,ICE,ICE
2010-04-07,21.3759994506836,21.503999710083008,21.14800071716309,21.233999252319336,18.17844581604004,2956500,0.0,0.0,ICE,ICE
2010-04-08,21.152000427246094,21.49799919128418,21.106000900268555,21.4060001373291,18.3256950378418,3489000,0.0,0.0,ICE,ICE
2010-04-09,21.416000366210938,21.60199928283692,21.323999404907227,21.40800094604492,18.327417373657227,2989000,0.0,0.0,ICE,ICE
2010-04-12,21.393999099731445,21.944000244140625,21.393999099731445,21.715999603271484,18.59108543395996,3559000,0.0,0.0,ICE,ICE
2010-04-13,21.75,21.895999908447266,21.6560001373291,21.78400039672852,18.649303436279297,2264500,0.0,0.0,ICE,ICE
2010-04-14,21.86400032043457,22.15399932861328,21.802000045776367,22.13599967956543,18.950647354125977,3617500,0.0,0.0,ICE,ICE
2010-04-15,22.06599998474121,22.32999992370605,22.06599998474121,22.32999992370605,19.116724014282227,3201500,0.0,0.0,ICE,ICE
2010-04-16,22.233999252319336,22.309999465942383,21.440000534057617,21.50200080871582,18.40787696838379,4925500,0.0,0.0,ICE,ICE
2010-04-19,21.4060001373291,21.94599914550781,21.36000061035156,21.88800048828125,18.73833465576172,2912000,0.0,0.0,ICE,ICE
2010-04-20,21.99399948120117,22.5,21.777999877929688,22.483999252319336,19.24856758117676,4692000,0.0,0.0,ICE,ICE
2010-04-21,22.540000915527344,22.576000213623047,22.059999465942383,22.374000549316406,19.15440368652344,2871500,0.0,0.0,ICE,ICE
2010-04-22,22.233999252319336,23.742000579833984,22.1299991607666,23.36800003051757,20.00537300109864,9719000,0.0,0.0,ICE,ICE
2010-04-23,23.45800018310547,23.73600006103516,23.190000534057617,23.652000427246094,20.24849510192871,4883500,0.0,0.0,ICE,ICE
2010-04-26,23.700000762939453,24.53199958801269,23.606000900268555,24.05599975585937,20.59436416625977,7469000,0.0,0.0,ICE,ICE
2010-04-27,24.191999435424805,24.200000762939453,23.124000549316406,23.16399955749512,19.83072662353516,6112000,0.0,0.0,ICE,ICE
2010-04-28,23.36199951171875,23.63999938964844,23.04199981689453,23.290000915527344,19.93858528137207,3442500,0.0,0.0,ICE,ICE
2010-04-29,23.597999572753903,23.89800071716309,23.20199966430664,23.763999938964844,20.344379425048828,3234500,0.0,0.0,ICE,ICE
2010-04-30,23.63599967956543,23.8700008392334,23.31800079345703,23.326000213623047,19.96941375732422,3870000,0.0,0.0,ICE,ICE
2010-05-03,23.459999084472656,23.59600067138672,23.200000762939453,23.371999740600582,20.008787155151367,3133000,0.0,0.0,ICE,ICE
2010-05-04,23.13999938964844,23.215999603271484,22.61000061035156,22.68600082397461,19.4215145111084,3131000,0.0,0.0,ICE,ICE
2010-05-05,22.57999992370605,24.0,22.45400047302246,23.788000106811523,20.36492729187012,5933000,0.0,0.0,ICE,ICE
2010-05-06,23.790000915527344,24.083999633789062,22.0,23.40800094604492,20.039609909057617,8548000,0.0,0.0,ICE,ICE
2010-05-07,23.459999084472656,23.71999931335449,22.69799995422364,22.93600082397461,19.63553237915039,6483000,0.0,0.0,ICE,ICE
2010-05-10,23.84199905395508,24.71199989318848,23.691999435424805,24.67799949645996,21.126853942871094,7146000,0.0,0.0,ICE,ICE
2010-05-11,24.49399948120117,24.96999931335449,24.049999237060547,24.086000442504883,20.62004852294922,8583000,0.0,0.0,ICE,ICE
2010-05-12,24.194000244140625,24.777999877929688,24.194000244140625,24.516000747680664,20.98816299438477,5752500,0.0,0.0,ICE,ICE
2010-05-13,24.511999130249023,25.0,24.371999740600582,24.38400077819824,20.875167846679688,4234000,0.0,0.0,ICE,ICE
2010-05-14,24.256000518798828,24.277999877929688,23.39999961853028,23.63800048828125,20.23651123046875,4776500,0.0,0.0,ICE,ICE
2010-05-17,23.74799919128418,23.94599914550781,23.31399917602539,23.871999740600582,20.436840057373047,5738000,0.0,0.0,ICE,ICE
2010-05-18,24.007999420166016,24.242000579833984,22.77400016784668,22.9379997253418,19.63724136352539,6558000,0.0,0.0,ICE,ICE
2010-05-19,22.79400062561035,23.07999992370605,22.25200080871582,22.804000854492188,19.52252769470215,4858500,0.0,0.0,ICE,ICE
2010-05-20,22.29800033569336,22.600000381469727,21.8799991607666,21.90399932861328,18.75203514099121,5429000,0.0,0.0,ICE,ICE
2010-05-21,21.79800033569336,23.040000915527344,21.586000442504883,23.01799964904785,19.705730438232425,7121000,0.0,0.0,ICE,ICE
2010-05-24,23.107999801635746,23.559999465942383,22.832000732421875,22.836000442504883,19.5499210357666,5357500,0.0,0.0,ICE,ICE
2010-05-25,22.323999404907227,22.81999969482422,21.8799991607666,22.780000686645508,19.5019760131836,4997000,0.0,0.0,ICE,ICE
2010-05-26,22.856000900268555,23.152000427246094,22.511999130249023,22.6200008392334,19.3650016784668,3912500,0.0,0.0,ICE,ICE
2010-05-27,22.88599967956543,23.489999771118164,22.88599967956543,23.46999931335449,20.092687606811523,3914000,0.0,0.0,ICE,ICE
2010-05-28,23.420000076293945,23.64800071716309,23.1200008392334,23.22599983215332,19.8837947845459,3885500,0.0,0.0,ICE,ICE
2010-06-01,23.13800048828125,23.64999961853028,22.827999114990234,23.166000366210938,19.832439422607425,4083000,0.0,0.0,ICE,ICE
2010-06-02,23.41399955749512,24.299999237060547,23.41399955749512,24.280000686645508,20.7861328125,7605500,0.0,0.0,ICE,ICE
2010-06-03,24.444000244140625,24.49799919128418,24.058000564575195,24.24399948120117,20.755306243896484,3967000,0.0,0.0,ICE,ICE
2010-06-04,23.72800064086914,24.106000900268555,23.46999931335449,23.57999992370605,20.18685913085937,5358000,0.0,0.0,ICE,ICE
2010-06-07,23.73200035095215,24.086000442504883,23.3759994506836,23.393999099731445,20.027626037597656,3967000,0.0,0.0,ICE,ICE
2010-06-08,23.527999877929688,23.6259994506836,22.700000762939453,23.214000701904297,19.87352561950684,5484000,0.0,0.0,ICE,ICE
2010-06-09,23.21999931335449,23.76000022888184,22.836000442504883,22.95599937438965,19.65265274047852,4356500,0.0,0.0,ICE,ICE
2010-06-10,23.16200065612793,23.83799934387207,23.16200065612793,23.79400062561035,20.37006187438965,4244000,0.0,0.0,ICE,ICE
2010-06-11,23.645999908447266,24.799999237060547,23.645999908447266,24.68199920654297,21.130279541015625,6052500,0.0,0.0,ICE,ICE
2010-06-14,25.05599975585937,25.083999633789062,24.54199981689453,24.583999633789062,21.04637718200684,5655000,0.0,0.0,ICE,ICE
2010-06-15,24.631999969482425,24.881999969482425,24.38599967956543,24.64999961853028,21.102888107299805,6359500,0.0,0.0,ICE,ICE
2010-06-16,24.38599967956543,25.9060001373291,24.38599967956543,25.38800048828125,21.73468589782715,9850000,0.0,0.0,ICE,ICE
2010-06-17,24.78199958801269,24.89999961853028,24.15999984741211,24.465999603271484,20.94536399841309,11812500,0.0,0.0,ICE,ICE
2010-06-18,24.44599914550781,24.645999908447266,24.31599998474121,24.43400001525879,20.917966842651367,5546000,0.0,0.0,ICE,ICE
2010-06-21,24.63999938964844,24.80599975585937,24.166000366210938,24.29599952697754,20.7998275756836,3561500,0.0,0.0,ICE,ICE
2010-06-22,24.350000381469727,24.68199920654297,23.83799934387207,23.881999969482425,20.44540023803711,3334500,0.0,0.0,ICE,ICE
2010-06-23,23.77400016784668,24.030000686645508,23.32200050354004,23.503999710083008,20.121797561645508,3430000,0.0,0.0,ICE,ICE
2010-06-24,23.280000686645508,23.38999938964844,22.85199928283692,22.90399932861328,19.608131408691406,4682500,0.0,0.0,ICE,ICE
2010-06-25,23.100000381469727,23.827999114990234,23.0,23.67200088500977,20.2656192779541,5027000,0.0,0.0,ICE,ICE
2010-06-28,23.67200088500977,23.89999961853028,23.170000076293945,23.600000381469727,20.203981399536133,5022000,0.0,0.0,ICE,ICE
2010-06-29,23.31999969482422,23.395999908447266,22.61599922180176,22.775999069213867,19.498559951782227,5494500,0.0,0.0,ICE,ICE
2010-06-30,22.756000518798828,23.18000030517578,22.516000747680664,22.606000900268555,19.35301971435547,4210000,0.0,0.0,ICE,ICE
2010-07-01,22.724000930786133,22.88800048828125,21.944000244140625,22.525999069213867,19.28452110290528,4072500,0.0,0.0,ICE,ICE
2010-07-02,22.54199981689453,22.54400062561035,20.95199966430664,21.246000289916992,18.1887264251709,9594000,0.0,0.0,ICE,ICE
2010-07-06,21.520000457763672,21.577999114990234,20.347999572753903,20.78199958801269,17.791484832763672,8047000,0.0,0.0,ICE,ICE
2010-07-07,20.81599998474121,21.41399955749512,20.513999938964844,21.356000900268555,18.282888412475582,7591000,0.0,0.0,ICE,ICE
2010-07-08,21.43000030517578,21.60199928283692,21.11199951171875,21.46199989318848,18.37363624572754,4490500,0.0,0.0,ICE,ICE
2010-07-09,21.417999267578125,21.63999938964844,21.12800025939941,21.327999114990234,18.25891494750977,4116500,0.0,0.0,ICE,ICE
2010-07-12,21.26799964904785,21.46199989318848,21.15800094604492,21.32200050354004,18.25378799438477,2672500,0.0,0.0,ICE,ICE
2010-07-13,21.54199981689453,21.71999931335449,21.45199966430664,21.600000381469727,18.491775512695312,4050000,0.0,0.0,ICE,ICE
2010-07-14,21.47800064086914,21.562000274658203,20.88599967956543,21.18000030517578,18.132221221923828,6299000,0.0,0.0,ICE,ICE
2010-07-15,21.16200065612793,21.350000381469727,20.729999542236328,21.106000900268555,18.068872451782227,5125500,0.0,0.0,ICE,ICE
2010-07-16,20.86000061035156,21.076000213623047,20.26799964904785,20.308000564575195,17.385698318481445,4977000,0.0,0.0,ICE,ICE
2010-07-19,20.357999801635746,20.718000411987305,20.290000915527344,20.577999114990234,17.61684226989746,3670000,0.0,0.0,ICE,ICE
2010-07-20,20.60199928283692,21.56599998474121,20.50200080871582,21.507999420166016,18.413015365600582,6911500,0.0,0.0,ICE,ICE
2010-07-21,21.81599998474121,21.81599998474121,20.84000015258789,20.8759994506836,17.87196159362793,3757000,0.0,0.0,ICE,ICE
2010-07-22,21.15999984741211,21.49799919128418,21.04599952697754,21.304000854492188,18.238374710083008,2420500,0.0,0.0,ICE,ICE
2010-07-23,21.1299991607666,21.69799995422364,21.1299991607666,21.67200088500977,18.55341529846192,2425500,0.0,0.0,ICE,ICE
2010-07-26,21.733999252319336,21.733999252319336,21.3799991607666,21.600000381469727,18.491775512695312,2872000,0.0,0.0,ICE,ICE
2010-07-27,21.694000244140625,21.780000686645508,21.36000061035156,21.440000534057617,18.354793548583984,3281000,0.0,0.0,ICE,ICE
2010-07-28,21.43000030517578,21.643999099731445,21.290000915527344,21.32999992370605,18.2606258392334,2012000,0.0,0.0,ICE,ICE
2010-07-29,21.40399932861328,21.631999969482425,21.13999938964844,21.29400062561035,18.22981071472168,1981000,0.0,0.0,ICE,ICE
2010-07-30,21.13400077819824,21.29400062561035,20.826000213623047,21.124000549316406,18.08428192138672,3048000,0.0,0.0,ICE,ICE
2010-08-02,21.39999961853028,21.770000457763672,21.347999572753903,21.72800064086914,18.60136032104492,3425500,0.0,0.0,ICE,ICE
2010-08-03,21.64999961853028,21.68600082397461,21.350000381469727,21.48200035095215,18.390758514404297,3871500,0.0,0.0,ICE,ICE
2010-08-04,21.64999961853028,22.309999465942383,21.64999961853028,22.062000274658203,18.887296676635746,5296500,0.0,0.0,ICE,ICE
2010-08-05,22.0,22.0,21.59199905395508,21.79199981689453,18.656158447265625,2985000,0.0,0.0,ICE,ICE
2010-08-06,21.503999710083008,21.79199981689453,21.34000015258789,21.465999603271484,18.37705993652344,2669500,0.0,0.0,ICE,ICE
2010-08-09,21.59600067138672,21.733999252319336,21.214000701904297,21.70800018310547,18.58424186706543,3327500,0.0,0.0,ICE,ICE
2010-08-10,21.489999771118164,21.600000381469727,21.076000213623047,21.25,18.192148208618164,5017500,0.0,0.0,ICE,ICE
2010-08-11,20.98200035095215,20.99799919128418,20.357999801635746,20.40399932861328,17.46788215637207,6833500,0.0,0.0,ICE,ICE
2010-08-12,20.176000595092773,20.275999069213867,19.90399932861328,20.10199928283692,17.209341049194336,3609500,0.0,0.0,ICE,ICE
2010-08-13,20.06399917602539,20.15800094604492,19.11400032043457,19.29199981689453,16.515899658203125,9487000,0.0,0.0,ICE,ICE
2010-08-16,19.459999084472656,19.722000122070312,19.23600006103516,19.64200019836425,16.81553077697754,5889000,0.0,0.0,ICE,ICE
2010-08-17,19.81999969482422,20.06999969482422,19.54199981689453,19.98200035095215,17.106611251831055,6032500,0.0,0.0,ICE,ICE
2010-08-18,19.944000244140625,20.01000022888184,19.72800064086914,19.9379997253418,17.06894302368164,4029500,0.0,0.0,ICE,ICE
2010-08-19,19.8439998626709,19.959999084472656,19.474000930786133,19.483999252319336,16.680267333984375,3442000,0.0,0.0,ICE,ICE
2010-08-20,19.304000854492188,19.54199981689453,19.299999237060547,19.40999984741211,16.616914749145508,4061000,0.0,0.0,ICE,ICE
2010-08-23,19.43199920654297,19.60199928283692,19.261999130249023,19.29599952697754,16.51932144165039,5391000,0.0,0.0,ICE,ICE
2010-08-24,19.10400009155273,19.10400009155273,18.73600006103516,18.78400039672852,16.080997467041016,7524000,0.0,0.0,ICE,ICE
2010-08-25,18.6879997253418,19.25,18.43600082397461,19.1259994506836,16.373783111572266,8339000,0.0,0.0,ICE,ICE
2010-08-26,19.24399948120117,19.45800018310547,19.03199958801269,19.13599967956543,16.38234519958496,4963500,0.0,0.0,ICE,ICE
2010-08-27,19.27400016784668,19.472000122070312,19.1560001373291,19.468000411987305,16.66657257080078,6517000,0.0,0.0,ICE,ICE
2010-08-30,19.440000534057617,19.45599937438965,18.8759994506836,18.88400077819824,16.16661262512207,3673000,0.0,0.0,ICE,ICE
2010-08-31,18.799999237060547,19.19799995422364,18.799999237060547,19.11199951171875,16.361797332763672,5712500,0.0,0.0,ICE,ICE
2010-09-01,19.50200080871582,19.881999969482425,19.48200035095215,19.881999969482425,17.0210018157959,3774000,0.0,0.0,ICE,ICE
2010-09-02,19.79599952697754,20.152000427246094,19.624000549316406,20.1299991607666,17.23331069946289,2659500,0.0,0.0,ICE,ICE
2010-09-03,20.356000900268555,20.468000411987305,20.049999237060547,20.465999603271484,17.52095603942871,3083000,0.0,0.0,ICE,ICE
2010-09-07,20.3439998626709,20.777999877929688,20.28400039672852,20.64999961853028,17.678482055664062,6035000,0.0,0.0,ICE,ICE
2010-09-08,20.65800094604492,21.0,20.65800094604492,20.81800079345703,17.822303771972656,4514000,0.0,0.0,ICE,ICE
2010-09-09,21.073999404907227,21.09199905395508,20.770000457763672,20.87800025939941,17.87367820739746,2883000,0.0,0.0,ICE,ICE
2010-09-10,20.857999801635746,21.200000762939453,20.857999801635746,21.10400009155273,18.0671501159668,2244000,0.0,0.0,ICE,ICE
2010-09-13,21.30599975585937,21.54199981689453,21.21199989318848,21.44799995422364,18.36165428161621,2169000,0.0,0.0,ICE,ICE
2010-09-14,21.417999267578125,21.56599998474121,21.26000022888184,21.288000106811523,18.22467803955078,3280000,0.0,0.0,ICE,ICE
2010-09-15,21.24799919128418,21.459999084472656,21.16399955749512,21.43199920654297,18.347959518432617,3122500,0.0,0.0,ICE,ICE
2010-09-16,21.42399978637696,21.464000701904297,21.10400009155273,21.24399948120117,18.18700790405273,3471000,0.0,0.0,ICE,ICE
2010-09-17,21.31999969482422,21.357999801635746,20.974000930786133,20.992000579833984,17.97126579284668,3847500,0.0,0.0,ICE,ICE
2010-09-20,21.040000915527344,21.082000732421875,20.790000915527344,20.98600006103516,17.96613121032715,9098500,0.0,0.0,ICE,ICE
2010-09-21,20.992000579833984,21.10199928283692,20.6200008392334,20.69799995422364,17.719575881958008,3825000,0.0,0.0,ICE,ICE
2010-09-22,20.65800094604492,20.974000930786133,20.520000457763672,20.56999969482422,17.609994888305664,3199000,0.0,0.0,ICE,ICE
2010-09-23,20.45800018310547,20.51000022888184,20.152000427246094,20.214000701904297,17.305227279663086,7124500,0.0,0.0,ICE,ICE
2010-09-24,20.45199966430664,20.940000534057617,20.41399955749512,20.9060001373291,17.89763641357422,3226000,0.0,0.0,ICE,ICE
2010-09-27,20.95800018310547,21.20199966430664,20.85400009155273,21.013999938964844,17.990102767944336,2989000,0.0,0.0,ICE,ICE
2010-09-28,21.020000457763672,21.20599937438965,20.79599952697754,21.167999267578125,18.1219425201416,3117000,0.0,0.0,ICE,ICE
2010-09-29,21.052000045776367,21.170000076293945,20.86199951171875,21.04599952697754,18.017501831054688,2149500,0.0,0.0,ICE,ICE
2010-09-30,21.229999542236328,21.4379997253418,20.944000244140625,20.944000244140625,17.9301815032959,3248000,0.0,0.0,ICE,ICE
2010-10-01,21.1259994506836,21.440000534057617,21.016000747680664,21.309999465942383,18.24351119995117,3680000,0.0,0.0,ICE,ICE
2010-10-04,21.20800018310547,21.562000274658203,21.166000366210938,21.472000122070312,18.38219451904297,4576000,0.0,0.0,ICE,ICE
2010-10-05,21.66399955749512,22.36800003051757,21.49399948120117,22.26000022888184,19.05680656433105,5368000,0.0,0.0,ICE,ICE
2010-10-06,22.176000595092773,22.336000442504883,22.049999237060547,22.15800094604492,18.96947860717773,3101000,0.0,0.0,ICE,ICE
2010-10-07,22.25200080871582,22.507999420166016,22.14999961853028,22.280000686645508,19.07392692565918,3328000,0.0,0.0,ICE,ICE
2010-10-08,22.299999237060547,22.535999298095703,22.1259994506836,22.472000122070312,19.238296508789062,2600000,0.0,0.0,ICE,ICE
2010-10-11,22.464000701904297,22.513999938964844,22.31800079345703,22.395999908447266,19.17323303222656,1932500,0.0,0.0,ICE,ICE
2010-10-12,22.3700008392334,22.71999931335449,22.222000122070312,22.64800071716309,19.38897132873535,4021500,0.0,0.0,ICE,ICE
2010-10-13,22.777999877929688,23.0,22.559999465942383,22.58799934387207,19.33760452270508,5909500,0.0,0.0,ICE,ICE
2010-10-14,22.57999992370605,22.79400062561035,22.41200065612793,22.59000015258789,19.339319229125977,4456500,0.0,0.0,ICE,ICE
2010-10-15,22.81599998474121,23.04199981689453,22.562000274658203,23.0,19.69032096862793,4230000,0.0,0.0,ICE,ICE
2010-10-18,23.0,23.3799991607666,22.86599922180176,23.357999801635746,19.996807098388672,3255500,0.0,0.0,ICE,ICE
2010-10-19,23.054000854492188,23.43199920654297,22.809999465942383,23.194000244140625,19.85640525817871,5122500,0.0,0.0,ICE,ICE
2010-10-20,23.194000244140625,23.43000030517578,23.121999740600582,23.19799995422364,19.85982322692871,3930000,0.0,0.0,ICE,ICE
2010-10-21,23.288000106811523,23.67200088500977,23.224000930786133,23.63599967956543,20.23480033874512,3146000,0.0,0.0,ICE,ICE
2010-10-22,23.64800071716309,23.81800079345703,23.34000015258789,23.36800003051757,20.00537300109864,3379000,0.0,0.0,ICE,ICE
2010-10-25,23.492000579833984,23.600000381469727,23.07200050354004,23.121999740600582,19.794767379760746,6348000,0.0,0.0,ICE,ICE
2010-10-26,22.691999435424805,22.88400077819824,22.143999099731445,22.63400077819824,19.376996994018555,5157500,0.0,0.0,ICE,ICE
2010-10-27,22.506000518798828,22.96999931335449,22.489999771118164,22.93400001525879,19.633819580078125,2655500,0.0,0.0,ICE,ICE
2010-10-28,23.07200050354004,23.11199951171875,22.826000213623047,22.91399955749512,19.61669158935547,4370000,0.0,0.0,ICE,ICE
2010-10-29,22.80599975585937,23.11400032043457,22.76000022888184,22.974000930786133,19.668067932128903,4053500,0.0,0.0,ICE,ICE
2010-11-01,22.90399932861328,23.1200008392334,22.51000022888184,22.85400009155273,19.56532287597656,6433000,0.0,0.0,ICE,ICE
2010-11-02,23.13599967956543,23.143999099731445,22.6299991607666,22.69799995422364,19.43177604675293,2684000,0.0,0.0,ICE,ICE
2010-11-03,22.77400016784668,22.809999465942383,22.270000457763672,22.5,19.26226234436035,4235500,0.0,0.0,ICE,ICE
2010-11-04,22.718000411987305,22.95400047302246,22.56999969482422,22.944000244140625,19.642379760742188,4188500,0.0,0.0,ICE,ICE
2010-11-05,23.03199958801269,23.53400039672852,22.95199966430664,23.488000869750977,20.10809326171875,4682500,0.0,0.0,ICE,ICE
2010-11-08,23.36800003051757,23.492000579833984,23.06599998474121,23.465999603271484,20.089263916015625,3243500,0.0,0.0,ICE,ICE
2010-11-09,23.5,23.5,22.972000122070312,23.025999069213867,19.71257400512696,1930500,0.0,0.0,ICE,ICE
2010-11-10,23.030000686645508,23.238000869750977,22.753999710083008,23.191999435424805,19.85469436645508,1921000,0.0,0.0,ICE,ICE
2010-11-11,22.99399948120117,23.18000030517578,22.823999404907227,22.93600082397461,19.63553237915039,2099500,0.0,0.0,ICE,ICE
2010-11-12,22.799999237060547,22.895999908447266,22.371999740600582,22.45199966430664,19.221176147460938,2622500,0.0,0.0,ICE,ICE
2010-11-15,22.552000045776367,22.881999969482425,22.513999938964844,22.670000076293945,19.407808303833008,2240500,0.0,0.0,ICE,ICE
2010-11-16,22.552000045776367,22.71199989318848,22.11599922180176,22.152000427246094,18.96434783935547,2523500,0.0,0.0,ICE,ICE
2010-11-17,22.18600082397461,22.371999740600582,22.07200050354004,22.336000442504883,19.121864318847656,2350000,0.0,0.0,ICE,ICE
2010-11-18,22.549999237060547,22.788000106811523,22.36400032043457,22.6299991607666,19.37356185913086,3196500,0.0,0.0,ICE,ICE
2010-11-19,22.6299991607666,23.00200080871582,22.492000579833984,22.95599937438965,19.65265274047852,3287500,0.0,0.0,ICE,ICE
2010-11-22,22.79199981689453,22.81599998474121,22.49799919128418,22.59199905395508,19.34103012084961,2438500,0.0,0.0,ICE,ICE
2010-11-23,22.336000442504883,22.56599998474121,22.20199966430664,22.36199951171875,19.144126892089844,2421000,0.0,0.0,ICE,ICE
2010-11-24,22.464000701904297,22.86000061035156,22.38999938964844,22.84600067138672,19.55847930908203,2181500,0.0,0.0,ICE,ICE
2010-11-26,22.652000427246094,22.895999908447266,22.538000106811523,22.61400032043457,19.35986518859864,1369000,0.0,0.0,ICE,ICE
2010-11-29,22.49799919128418,22.68600082397461,22.336000442504883,22.583999633789062,19.33418273925781,1953000,0.0,0.0,ICE,ICE
2010-11-30,22.36199951171875,22.600000381469727,22.270000457763672,22.540000915527344,19.2965087890625,2224500,0.0,0.0,ICE,ICE
2010-12-01,22.8439998626709,23.13800048828125,22.700000762939453,23.124000549316406,19.79648208618164,3028500,0.0,0.0,ICE,ICE
2010-12-02,23.194000244140625,24.16200065612793,23.1259994506836,24.06800079345703,20.604631423950195,4602000,0.0,0.0,ICE,ICE
2010-12-03,23.96999931335449,24.0,23.076000213623047,23.35199928283692,19.991662979125977,4961500,0.0,0.0,ICE,ICE
2010-12-06,23.299999237060547,23.606000900268555,23.26799964904785,23.58799934387207,20.19370460510254,2552500,0.0,0.0,ICE,ICE
2010-12-07,23.58799934387207,23.88400077819824,23.21999931335449,23.239999771118164,19.895790100097656,2679000,0.0,0.0,ICE,ICE
2010-12-08,23.277999877929688,23.6259994506836,23.24399948120117,23.607999801635746,20.21082878112793,2283000,0.0,0.0,ICE,ICE
2010-12-09,23.621999740600582,23.72800064086914,23.34600067138672,23.54400062561035,20.15603828430176,1646000,0.0,0.0,ICE,ICE
2010-12-10,23.54400062561035,23.65800094604492,23.36400032043457,23.51000022888184,20.12693214416504,1980500,0.0,0.0,ICE,ICE
2010-12-13,23.700000762939453,24.11400032043457,23.549999237060547,23.549999237060547,20.161170959472656,3980000,0.0,0.0,ICE,ICE
2010-12-14,23.53400039672852,23.53400039672852,23.166000366210938,23.275999069213867,19.926603317260746,2238000,0.0,0.0,ICE,ICE
2010-12-15,23.22800064086914,23.691999435424805,23.121999740600582,23.559999465942383,20.169734954833984,3341000,0.0,0.0,ICE,ICE
2010-12-16,23.53199958801269,23.68000030517578,23.27199935913086,23.472000122070312,20.09440040588379,3350500,0.0,0.0,ICE,ICE
2010-12-17,23.79800033569336,24.052000045776367,23.40399932861328,23.84600067138672,20.414581298828125,4057500,0.0,0.0,ICE,ICE
2010-12-20,23.8700008392334,24.097999572753903,23.788000106811523,23.812000274658203,20.385473251342773,2093000,0.0,0.0,ICE,ICE
2010-12-21,23.88999938964844,24.07999992370605,23.826000213623047,24.016000747680664,20.56011199951172,2151000,0.0,0.0,ICE,ICE
2010-12-22,24.016000747680664,24.3799991607666,24.016000747680664,24.09000015258789,20.62346649169922,1840000,0.0,0.0,ICE,ICE
2010-12-23,24.035999298095703,24.073999404907227,23.917999267578125,24.0,20.546422958374023,1703500,0.0,0.0,ICE,ICE
2010-12-27,23.90999984741211,24.18000030517578,23.88800048828125,24.17200088500977,20.69367218017578,1612500,0.0,0.0,ICE,ICE
2010-12-28,24.17799949645996,24.256000518798828,24.06399917602539,24.18000030517578,20.700523376464844,1308500,0.0,0.0,ICE,ICE
2010-12-29,24.18000030517578,24.18400001525879,23.84000015258789,23.96999931335449,20.520736694335938,1848000,0.0,0.0,ICE,ICE
2010-12-30,23.96999931335449,24.04800033569336,23.836000442504883,23.89800071716309,20.45909118652344,1103500,0.0,0.0,ICE,ICE
2010-12-31,23.823999404907227,23.965999603271484,23.812000274658203,23.82999992370605,20.4008846282959,939000,0.0,0.0,ICE,ICE
2011-01-03,23.959999084472656,24.19799995422364,23.763999938964844,23.82999992370605,20.4008846282959,3796500,0.0,0.0,ICE,ICE
2011-01-04,23.83799934387207,24.035999298095703,23.49399948120117,23.5939998626709,20.19884490966797,3078500,0.0,0.0,ICE,ICE
2011-01-05,23.525999069213867,23.826000213623047,23.441999435424805,23.530000686645508,20.1440544128418,2680000,0.0,0.0,ICE,ICE
2011-01-06,23.520000457763672,23.540000915527344,22.753999710083008,22.895999908447266,19.60127830505371,6585000,0.0,0.0,ICE,ICE
2011-01-07,22.93000030517578,23.007999420166016,22.426000595092773,22.804000854492188,19.52252769470215,3845500,0.0,0.0,ICE,ICE
2011-01-10,22.53199958801269,23.09199905395508,22.53199958801269,22.81800079345703,19.53451156616211,5016500,0.0,0.0,ICE,ICE
2011-01-11,22.94799995422364,23.100000381469727,22.496000289916992,22.496000289916992,19.258848190307617,3728500,0.0,0.0,ICE,ICE
2011-01-12,22.700000762939453,23.336000442504883,22.552000045776367,23.07999992370605,19.75880622863769,5411500,0.0,0.0,ICE,ICE
2011-01-13,23.06800079345703,23.3439998626709,22.917999267578125,23.270000457763672,19.92146682739257,3368000,0.0,0.0,ICE,ICE
2011-01-14,23.275999069213867,23.441999435424805,23.07200050354004,23.253999710083008,19.90776824951172,3989500,0.0,0.0,ICE,ICE
2011-01-18,23.323999404907227,23.474000930786133,23.21999931335449,23.35199928283692,19.991662979125977,2913000,0.0,0.0,ICE,ICE
2011-01-19,23.275999069213867,23.41200065612793,23.04199981689453,23.11199951171875,19.78620147705078,3493000,0.0,0.0,ICE,ICE
2011-01-20,22.959999084472656,23.23200035095215,22.652000427246094,23.11000061035156,19.78449058532715,5371000,0.0,0.0,ICE,ICE
2011-01-21,23.31399917602539,23.63800048828125,23.190000534057617,23.31800079345703,19.96256446838379,3164500,0.0,0.0,ICE,ICE
2011-01-24,23.214000701904297,23.56999969482422,23.214000701904297,23.36199951171875,20.000232696533203,2163000,0.0,0.0,ICE,ICE
2011-01-25,23.257999420166016,23.46199989318848,22.68400001525879,23.07999992370605,19.75880622863769,6336000,0.0,0.0,ICE,ICE
2011-01-26,23.143999099731445,23.15999984741211,22.90399932861328,22.99399948120117,19.6851806640625,2872000,0.0,0.0,ICE,ICE
2011-01-27,23.020000457763672,23.6259994506836,22.92799949645996,23.56999969482422,20.17829704284668,3911000,0.0,0.0,ICE,ICE
2011-01-28,23.5939998626709,23.69599914550781,23.131999969482425,23.381999969482425,20.017353057861328,3945500,0.0,0.0,ICE,ICE
2011-01-31,23.417999267578125,24.107999801635746,23.417999267578125,24.097999572753903,20.63031768798828,5794000,0.0,0.0,ICE,ICE
2011-02-01,24.11000061035156,24.5,24.086000442504883,24.275999069213867,20.78270149230957,3270000,0.0,0.0,ICE,ICE
2011-02-02,24.214000701904297,24.381999969482425,23.974000930786133,24.058000564575195,20.596080780029297,3235500,0.0,0.0,ICE,ICE
2011-02-03,24.058000564575195,24.058000564575195,23.558000564575195,23.85199928283692,20.41971206665039,3637000,0.0,0.0,ICE,ICE
2011-02-04,23.836000442504883,24.076000213623047,23.690000534057617,24.076000213623047,20.611486434936523,2623000,0.0,0.0,ICE,ICE
2011-02-07,24.270000457763672,24.36199951171875,24.025999069213867,24.06399917602539,20.601213455200195,1850000,0.0,0.0,ICE,ICE
2011-02-08,24.11199951171875,24.14200019836425,23.51000022888184,23.643999099731445,20.24165153503418,4797500,0.0,0.0,ICE,ICE
2011-02-09,24.00200080871582,24.694000244140625,23.89999961853028,24.6259994506836,21.082332611083984,13158000,0.0,0.0,ICE,ICE
2011-02-10,24.525999069213867,25.832000732421875,24.5,25.690000534057617,21.99323463439941,8152000,0.0,0.0,ICE,ICE
2011-02-11,25.51799964904785,25.89999961853028,25.38800048828125,25.756000518798828,22.04973602294922,3106500,0.0,0.0,ICE,ICE
2011-02-14,25.709999084472656,26.308000564575195,25.527999877929688,26.09199905395508,22.33738899230957,3525500,0.0,0.0,ICE,ICE
2011-02-15,26.0,26.04199981689453,25.17399978637696,25.347999572753903,21.70044136047364,4910500,0.0,0.0,ICE,ICE
2011-02-16,25.39800071716309,25.86000061035156,25.299999237060547,25.576000213623047,21.89563751220703,4018500,0.0,0.0,ICE,ICE
2011-02-17,25.402000427246094,25.9060001373291,25.402000427246094,25.780000686645508,22.07028007507324,4303000,0.0,0.0,ICE,ICE
2011-02-18,25.82200050354004,25.82200050354004,25.12800025939941,25.43600082397461,21.775781631469727,3898000,0.0,0.0,ICE,ICE
2011-02-22,25.1200008392334,25.224000930786133,24.257999420166016,24.45800018310547,20.93851661682129,7053000,0.0,0.0,ICE,ICE
2011-02-23,24.488000869750977,24.63599967956543,24.15999984741211,24.54599952697754,21.01385307312012,5367000,0.0,0.0,ICE,ICE
2011-02-24,24.40399932861328,24.959999084472656,24.299999237060547,24.72800064086914,21.169662475585938,3665000,0.0,0.0,ICE,ICE
2011-02-25,24.8439998626709,25.395999908447266,24.79599952697754,25.381999969482425,21.72955322265625,2748000,0.0,0.0,ICE,ICE
2011-02-28,25.492000579833984,26.049999237060547,25.36400032043457,25.63999938964844,21.950424194335938,3598500,0.0,0.0,ICE,ICE
2011-03-01,25.68000030517578,25.826000213623047,25.32999992370605,25.420000076293945,21.7620849609375,2696000,0.0,0.0,ICE,ICE
2011-03-02,25.323999404907227,25.746000289916992,25.246000289916992,25.50200080871582,21.832290649414062,3030500,0.0,0.0,ICE,ICE
2011-03-03,25.694000244140625,26.04599952697754,25.61000061035156,25.895999908447266,22.16958999633789,2825000,0.0,0.0,ICE,ICE
2011-03-04,25.959999084472656,26.08799934387207,25.74399948120117,26.049999237060547,22.30142593383789,3299000,0.0,0.0,ICE,ICE
2011-03-07,26.09600067138672,27.076000213623047,26.077999114990234,26.944000244140625,23.0667781829834,7937500,0.0,0.0,ICE,ICE
2011-03-08,26.714000701904297,26.714000701904297,26.0939998626709,26.38800048828125,22.59078788757324,4355000,0.0,0.0,ICE,ICE
2011-03-09,26.27400016784668,26.374000549316406,26.06800079345703,26.18600082397461,22.417869567871094,2503500,0.0,0.0,ICE,ICE
2011-03-10,25.92799949645996,26.006000518798828,25.3439998626709,25.51799964904785,21.845977783203125,3670500,0.0,0.0,ICE,ICE
2011-03-11,25.562000274658203,25.70800018310547,24.95199966430664,25.214000701904297,21.58572578430176,5814000,0.0,0.0,ICE,ICE
2011-03-14,25.04599952697754,25.1200008392334,24.78199958801269,24.95800018310547,21.366565704345703,4053000,0.0,0.0,ICE,ICE
2011-03-15,24.3700008392334,24.97599983215332,24.242000579833984,24.666000366210938,21.11659049987793,4092500,0.0,0.0,ICE,ICE
2011-03-16,24.62800025939941,25.13999938964844,24.582000732421875,24.753999710083008,21.1919174194336,3703500,0.0,0.0,ICE,ICE
2011-03-17,25.083999633789062,25.256000518798828,24.94599914550781,25.06800079345703,21.460742950439453,2837500,0.0,0.0,ICE,ICE
2011-03-18,25.395999908447266,25.488000869750977,24.78199958801269,24.95400047302246,21.36314582824707,3176000,0.0,0.0,ICE,ICE
2011-03-21,25.15399932861328,25.280000686645508,24.91399955749512,25.04800033569336,21.443618774414062,1633500,0.0,0.0,ICE,ICE
2011-03-22,24.96999931335449,25.356000900268555,24.926000595092773,25.14999961853028,21.53093910217285,2951500,0.0,0.0,ICE,ICE
2011-03-23,25.059999465942383,25.597999572753903,25.054000854492188,25.4060001373291,21.750099182128903,2352000,0.0,0.0,ICE,ICE
2011-03-24,25.535999298095703,25.624000549316406,25.27199935913086,25.459999084472656,21.796329498291016,2099000,0.0,0.0,ICE,ICE
2011-03-25,25.479999542236328,25.667999267578125,25.23600006103516,25.59600067138672,21.91275215148925,1856000,0.0,0.0,ICE,ICE
2011-03-28,25.35400009155273,25.64800071716309,25.13999938964844,25.16200065612793,21.54120635986328,2505000,0.0,0.0,ICE,ICE
2011-03-29,25.10199928283692,25.22599983215332,24.79599952697754,25.224000930786133,21.59429168701172,2209000,0.0,0.0,ICE,ICE
2011-03-30,25.381999969482425,25.38999938964844,24.944000244140625,24.98600006103516,21.390539169311523,2009000,0.0,0.0,ICE,ICE
2011-03-31,24.920000076293945,24.996000289916992,24.41200065612793,24.70800018310547,21.15253257751465,4026500,0.0,0.0,ICE,ICE
2011-04-01,24.520000457763672,24.64999961853028,23.59000015258789,23.950000762939453,20.50360870361328,21755000,0.0,0.0,ICE,ICE
2011-04-04,24.077999114990234,24.582000732421875,23.6299991607666,23.780000686645508,20.358078002929688,7055500,0.0,0.0,ICE,ICE
2011-04-05,23.75,24.006000518798828,23.53199958801269,23.96199989318848,20.513885498046875,4625000,0.0,0.0,ICE,ICE
2011-04-06,23.94799995422364,24.56399917602539,23.94599914550781,24.49799919128418,20.972755432128903,5321500,0.0,0.0,ICE,ICE
2011-04-07,24.86199951171875,24.988000869750977,24.36599922180176,24.45199966430664,20.93338203430176,4026500,0.0,0.0,ICE,ICE
2011-04-08,24.46999931335449,24.5939998626709,23.97599983215332,24.11000061035156,20.64059066772461,2695000,0.0,0.0,ICE,ICE
2011-04-11,24.170000076293945,24.333999633789062,23.940000534057617,24.11000061035156,20.64059066772461,2992000,0.0,0.0,ICE,ICE
2011-04-12,23.95199966430664,24.393999099731445,23.8759994506836,24.09600067138672,20.62860870361328,2323500,0.0,0.0,ICE,ICE
2011-04-13,24.21999931335449,24.39999961853028,24.11000061035156,24.238000869750977,20.75017166137696,2375000,0.0,0.0,ICE,ICE
2011-04-14,24.09600067138672,24.3439998626709,23.941999435424805,24.12800025939941,20.65600204467773,1856500,0.0,0.0,ICE,ICE
2011-04-15,24.209999084472656,24.47800064086914,24.100000381469727,24.40399932861328,20.89229393005371,3520000,0.0,0.0,ICE,ICE
2011-04-18,24.1560001373291,24.1560001373291,23.833999633789062,23.968000411987305,20.519025802612305,2538000,0.0,0.0,ICE,ICE
2011-04-19,23.97599983215332,24.13800048828125,23.700000762939453,23.86599922180176,20.43170166015625,2459500,0.0,0.0,ICE,ICE
2011-04-20,24.13800048828125,24.1879997253418,24.027999877929688,24.131999969482425,20.65943145751953,2223500,0.0,0.0,ICE,ICE
2011-04-21,24.20199966430664,24.441999435424805,24.143999099731445,24.43600082397461,20.9196834564209,1935500,0.0,0.0,ICE,ICE
2011-04-25,24.49399948120117,24.66200065612793,24.1200008392334,24.39999961853028,20.88886070251465,3189000,0.0,0.0,ICE,ICE
2011-04-26,24.44599914550781,24.700000762939453,24.4060001373291,24.474000930786133,20.95221328735352,3113500,0.0,0.0,ICE,ICE
2011-04-27,24.549999237060547,24.63400077819824,24.035999298095703,24.357999801635746,20.852907180786133,2485500,0.0,0.0,ICE,ICE
2011-04-28,24.309999465942383,24.38999938964844,23.92200088500977,24.040000915527344,20.58066940307617,2361000,0.0,0.0,ICE,ICE
2011-04-29,24.058000564575195,24.131999969482425,23.76000022888184,24.06999969482422,20.606348037719727,2950000,0.0,0.0,ICE,ICE
2011-05-02,24.12800025939941,24.15399932861328,23.540000915527344,23.63999938964844,20.23822784423828,4357500,0.0,0.0,ICE,ICE
2011-05-03,23.597999572753903,23.73600006103516,23.214000701904297,23.290000915527344,19.93858528137207,3618500,0.0,0.0,ICE,ICE
2011-05-04,23.19799995422364,23.39999961853028,22.440000534057617,22.96999931335449,19.664634704589844,9293000,0.0,0.0,ICE,ICE
2011-05-05,22.86000061035156,23.06599998474121,22.44599914550781,22.812000274658203,19.529369354248047,4822500,0.0,0.0,ICE,ICE
2011-05-06,23.040000915527344,23.6200008392334,22.98600006103516,23.520000457763672,20.135498046875,6002000,0.0,0.0,ICE,ICE
2011-05-09,23.552000045776367,23.86199951171875,23.38800048828125,23.785999298095703,20.363216400146484,4207500,0.0,0.0,ICE,ICE
2011-05-10,23.802000045776367,24.06999969482422,23.65999984741211,24.049999237060547,20.589223861694336,2825500,0.0,0.0,ICE,ICE
2011-05-11,24.011999130249023,24.288000106811523,23.8759994506836,24.062000274658203,20.599498748779297,4893000,0.0,0.0,ICE,ICE
2011-05-12,23.95800018310547,24.176000595092773,23.73200035095215,24.007999420166016,20.553272247314453,4035000,0.0,0.0,ICE,ICE
2011-05-13,23.988000869750977,24.11599922180176,23.573999404907227,23.66399955749512,20.258771896362305,2259500,0.0,0.0,ICE,ICE
2011-05-16,24.25200080871582,25.333999633789062,24.19799995422364,24.444000244140625,20.92653083801269,11060000,0.0,0.0,ICE,ICE
2011-05-17,24.507999420166016,24.670000076293945,24.02199935913086,24.09600067138672,20.62860870361328,6439000,0.0,0.0,ICE,ICE
2011-05-18,24.12800025939941,24.513999938964844,24.083999633789062,24.474000930786133,20.95221328735352,2468000,0.0,0.0,ICE,ICE
2011-05-19,24.52400016784668,24.600000381469727,24.18400001525879,24.57200050354004,21.03610610961914,2729000,0.0,0.0,ICE,ICE
2011-05-20,24.554000854492188,24.724000930786133,24.20400047302246,24.23600006103516,20.74846076965332,2061500,0.0,0.0,ICE,ICE
2011-05-23,23.99799919128418,24.11800003051757,23.89999961853028,24.082000732421875,20.616622924804688,2464500,0.0,0.0,ICE,ICE
2011-05-24,24.11800003051757,24.333999633789062,23.97800064086914,24.27199935913086,20.77928352355957,3140500,0.0,0.0,ICE,ICE
2011-05-25,24.14999961853028,24.33799934387207,24.04800033569336,24.229999542236328,20.743322372436523,2531000,0.0,0.0,ICE,ICE
2011-05-26,24.11000061035156,24.1560001373291,23.950000762939453,24.073999404907227,20.60977554321289,2556500,0.0,0.0,ICE,ICE
2011-05-27,24.239999771118164,24.34600067138672,23.722000122070312,23.833999633789062,20.404312133789062,2910000,0.0,0.0,ICE,ICE
2011-05-31,24.04199981689453,24.131999969482425,23.761999130249023,24.1299991607666,20.65770721435547,6244000,0.0,0.0,ICE,ICE
2011-06-01,24.086000442504883,24.143999099731445,23.308000564575195,23.32200050354004,19.965984344482425,3674500,0.0,0.0,ICE,ICE
2011-06-02,23.37800025939941,23.59600067138672,23.18000030517578,23.472000122070312,20.09440040588379,2780000,0.0,0.0,ICE,ICE
2011-06-03,23.229999542236328,23.5,23.100000381469727,23.1259994506836,19.79817771911621,2234000,0.0,0.0,ICE,ICE
2011-06-06,23.0,23.100000381469727,22.652000427246094,22.75,19.476299285888672,2622000,0.0,0.0,ICE,ICE
2011-06-07,22.823999404907227,22.96199989318848,22.66399955749512,22.770000457763672,19.493417739868164,1829500,0.0,0.0,ICE,ICE
2011-06-08,22.56399917602539,22.790000915527344,22.53199958801269,22.64200019836425,19.383834838867188,3279500,0.0,0.0,ICE,ICE
2011-06-09,22.722000122070312,23.39999961853028,22.60400009155273,23.34199905395508,19.98310661315918,3129500,0.0,0.0,ICE,ICE
2011-06-10,23.09199905395508,23.36000061035156,23.007999420166016,23.15800094604492,19.825592041015625,2428500,0.0,0.0,ICE,ICE
2011-06-13,23.23600006103516,23.38599967956543,23.121999740600582,23.191999435424805,19.85469436645508,2474500,0.0,0.0,ICE,ICE
2011-06-14,23.417999267578125,23.770000457763672,23.34199905395508,23.714000701904297,20.30157470703125,2574000,0.0,0.0,ICE,ICE
2011-06-15,23.5,23.61199951171875,23.152000427246094,23.304000854492188,19.950572967529297,2939500,0.0,0.0,ICE,ICE
2011-06-16,23.27400016784668,23.857999801635746,23.215999603271484,23.42200088500977,20.05159950256348,4215500,0.0,0.0,ICE,ICE
2011-06-17,23.583999633789062,23.79199981689453,23.530000686645508,23.621999740600582,20.22281074523925,2421500,0.0,0.0,ICE,ICE
2011-06-20,23.893999099731445,24.145999908447266,23.62800025939941,24.1259994506836,20.65428924560547,2805000,0.0,0.0,ICE,ICE
2011-06-21,24.22800064086914,24.465999603271484,24.10199928283692,24.45400047302246,20.93509292602539,2853500,0.0,0.0,ICE,ICE
2011-06-22,24.45800018310547,24.59199905395508,23.965999603271484,23.98600006103516,20.534433364868164,2573500,0.0,0.0,ICE,ICE
2011-06-23,23.67200088500977,23.992000579833984,23.45199966430664,23.92399978637696,20.48135757446289,3158500,0.0,0.0,ICE,ICE
2011-06-24,23.92799949645996,24.054000854492188,23.552000045776367,23.71199989318848,20.299861907958984,2035000,0.0,0.0,ICE,ICE
2011-06-27,23.78199958801269,24.18199920654297,23.729999542236328,24.10400009155273,20.63545227050781,1814500,0.0,0.0,ICE,ICE
2011-06-28,24.15999984741211,24.709999084472656,23.96999931335449,24.48200035095215,20.959062576293945,1968500,0.0,0.0,ICE,ICE
2011-06-29,24.5939998626709,25.170000076293945,24.552000045776367,24.82999992370605,21.256986618041992,3368000,0.0,0.0,ICE,ICE
2011-06-30,24.940000534057617,25.14999961853028,24.79400062561035,24.941999435424805,21.352867126464844,2490000,0.0,0.0,ICE,ICE
2011-07-01,24.968000411987305,25.45400047302246,24.95599937438965,25.395999908447266,21.74154281616211,2267500,0.0,0.0,ICE,ICE
2011-07-05,25.333999633789062,25.827999114990234,25.333999633789062,25.70199966430664,22.00350570678711,3136500,0.0,0.0,ICE,ICE
2011-07-06,25.59199905395508,25.59199905395508,25.36400032043457,25.56599998474121,21.887073516845703,1478000,0.0,0.0,ICE,ICE
2011-07-07,25.81599998474121,26.3439998626709,25.67200088500977,25.90399932861328,22.17643165588379,2952500,0.0,0.0,ICE,ICE
2011-07-08,25.5939998626709,25.777999877929688,25.43199920654297,25.68000030517578,21.984664916992188,1825500,0.0,0.0,ICE,ICE
2011-07-11,25.36199951171875,25.562000274658203,24.941999435424805,25.11800003051757,21.50354385375977,2294500,0.0,0.0,ICE,ICE
2011-07-12,25.124000549316406,25.39999961853028,25.04599952697754,25.06399917602539,21.457305908203125,1281000,0.0,0.0,ICE,ICE
2011-07-13,25.256000518798828,25.59600067138672,25.17399978637696,25.224000930786133,21.59429168701172,2260000,0.0,0.0,ICE,ICE
2011-07-14,25.350000381469727,25.700000762939453,25.16200065612793,25.20599937438965,21.5788803100586,3474000,0.0,0.0,ICE,ICE
2011-07-15,25.25200080871582,25.513999938964844,25.09000015258789,25.5,21.8305721282959,1846000,0.0,0.0,ICE,ICE
2011-07-18,25.444000244140625,25.56800079345703,25.03400039672852,25.176000595092773,21.55319595336914,2246500,0.0,0.0,ICE,ICE
2011-07-19,25.32999992370605,25.549999237060547,25.1879997253418,25.530000686645508,21.85625457763672,1554000,0.0,0.0,ICE,ICE
2011-07-20,25.600000381469727,25.74799919128418,25.1879997253418,25.261999130249023,21.62681770324707,2691000,0.0,0.0,ICE,ICE
2011-07-21,25.488000869750977,25.700000762939453,25.36199951171875,25.63999938964844,21.950424194335938,2949000,0.0,0.0,ICE,ICE
2011-07-22,25.3700008392334,25.871999740600582,25.3700008392334,25.74399948120117,22.039459228515625,1540500,0.0,0.0,ICE,ICE
2011-07-25,25.479999542236328,25.73200035095215,25.41200065612793,25.56399917602539,21.885366439819336,1337000,0.0,0.0,ICE,ICE
2011-07-26,25.492000579833984,25.57999992370605,25.222000122070312,25.257999420166016,21.62339401245117,2537000,0.0,0.0,ICE,ICE
2011-07-27,25.16200065612793,25.304000854492188,24.56399917602539,24.61599922180176,21.07378196716309,2637500,0.0,0.0,ICE,ICE
2011-07-28,24.63599967956543,25.121999740600582,24.63599967956543,24.71999931335449,21.16280937194824,1844500,0.0,0.0,ICE,ICE
2011-07-29,24.516000747680664,24.99399948120117,24.299999237060547,24.65999984741211,21.111446380615234,2368000,0.0,0.0,ICE,ICE
2011-08-01,24.94599914550781,24.94599914550781,24.18400001525879,24.42399978637696,20.90941047668457,2206000,0.0,0.0,ICE,ICE
2011-08-02,24.24399948120117,24.426000595092773,23.81399917602539,23.81800079345703,20.390609741210938,3330000,0.0,0.0,ICE,ICE
2011-08-03,23.8799991607666,24.11000061035156,22.82200050354004,23.40399932861328,20.03618812561035,6065000,0.0,0.0,ICE,ICE
2011-08-04,23.062000274658203,23.17399978637696,22.13400077819824,22.167999267578125,18.97804450988769,4865000,0.0,0.0,ICE,ICE
2011-08-05,22.441999435424805,22.76000022888184,21.80599975585937,22.03199958801269,18.861618041992188,5323500,0.0,0.0,ICE,ICE
2011-08-08,21.520000457763672,22.17399978637696,20.513999938964844,20.78199958801269,17.791484832763672,12978000,0.0,0.0,ICE,ICE
2011-08-09,21.20199966430664,22.874000549316406,20.95400047302246,22.600000381469727,19.34787940979004,14220500,0.0,0.0,ICE,ICE
2011-08-10,22.0,22.968000411987305,21.350000381469727,21.959999084472656,18.79997444152832,9361500,0.0,0.0,ICE,ICE
2011-08-11,22.200000762939453,23.64999961853028,22.13999938964844,23.3700008392334,20.007080078125,5923000,0.0,0.0,ICE,ICE
2011-08-12,23.511999130249023,23.652000427246094,22.881999969482425,22.97599983215332,19.669771194458008,3244500,0.0,0.0,ICE,ICE
2011-08-15,23.17799949645996,23.32999992370605,22.944000244140625,23.285999298095703,19.93515968322754,3668500,0.0,0.0,ICE,ICE
2011-08-16,23.006000518798828,23.10400009155273,21.857999801635746,22.24399948120117,19.043100357055664,8034000,0.0,0.0,ICE,ICE
2011-08-17,22.3700008392334,22.788000106811523,22.1259994506836,22.22800064086914,19.0294132232666,3648000,0.0,0.0,ICE,ICE
2011-08-18,21.61000061035156,21.70599937438965,20.983999252319336,21.145999908447266,18.10310173034668,4004500,0.0,0.0,ICE,ICE
2011-08-19,20.84199905395508,21.465999603271484,20.799999237060547,21.01000022888184,17.98668098449707,3536000,0.0,0.0,ICE,ICE
2011-08-22,21.420000076293945,21.69799995422364,21.15399932861328,21.24799919128418,18.19043159484864,2651000,0.0,0.0,ICE,ICE
2011-08-23,21.253999710083008,22.28199958801269,21.062000274658203,22.257999420166016,19.05508804321289,3518000,0.0,0.0,ICE,ICE
2011-08-24,22.18000030517578,22.540000915527344,22.020000457763672,22.52199935913086,19.28110694885254,2198500,0.0,0.0,ICE,ICE
2011-08-25,22.78400039672852,22.78400039672852,21.85199928283692,22.04800033569336,18.87531280517578,2546500,0.0,0.0,ICE,ICE
2011-08-26,21.871999740600582,22.459999084472656,21.43000030517578,22.417999267578125,19.192073822021484,2184000,0.0,0.0,ICE,ICE
2011-08-29,22.92200088500977,23.29199981689453,22.72800064086914,23.290000915527344,19.93858528137207,2390500,0.0,0.0,ICE,ICE
2011-08-30,23.19799995422364,23.39200019836425,22.73600006103516,23.242000579833984,19.897497177124023,2193500,0.0,0.0,ICE,ICE
2011-08-31,23.464000701904297,23.68600082397461,23.302000045776367,23.59000015258789,20.195425033569336,2855500,0.0,0.0,ICE,ICE
2011-09-01,23.54599952697754,23.59600067138672,22.964000701904297,23.04199981689453,19.72627830505371,2197500,0.0,0.0,ICE,ICE
2011-09-02,22.68199920654297,22.823999404907227,22.32999992370605,22.506000518798828,19.26740837097168,1840500,0.0,0.0,ICE,ICE
2011-09-06,21.79800033569336,22.700000762939453,21.763999938964844,22.63599967956543,19.378700256347656,2951500,0.0,0.0,ICE,ICE
2011-09-07,22.92200088500977,23.450000762939453,22.746000289916992,23.41399955749512,20.04474449157715,3695500,0.0,0.0,ICE,ICE
2011-09-08,23.222000122070312,23.600000381469727,23.038000106811523,23.34000015258789,19.98139381408692,3012500,0.0,0.0,ICE,ICE
2011-09-09,23.10400009155273,23.40399932861328,22.770000457763672,22.895999908447266,19.60127830505371,3290000,0.0,0.0,ICE,ICE
2011-09-12,22.53400039672852,23.54800033569336,22.416000366210938,23.527999877929688,20.142343521118164,3300500,0.0,0.0,ICE,ICE
2011-09-13,23.511999130249023,23.86800003051757,23.239999771118164,23.823999404907227,20.3957462310791,2914000,0.0,0.0,ICE,ICE
2011-09-14,23.950000762939453,24.39800071716309,23.27199935913086,24.097999572753903,20.63031768798828,3408500,0.0,0.0,ICE,ICE
2011-09-15,24.26000022888184,24.757999420166016,23.76799964904785,24.73600006103516,21.17651557922364,4792000,0.0,0.0,ICE,ICE
2011-09-16,24.742000579833984,25.05599975585937,24.583999633789062,24.996000289916992,21.399099349975582,4411000,0.0,0.0,ICE,ICE
2011-09-19,24.52400016784668,24.79400062561035,24.21199989318848,24.576000213623047,21.039535522460938,2453500,0.0,0.0,ICE,ICE
2011-09-20,24.74399948120117,25.100000381469727,24.37800025939941,24.489999771118164,20.965909957885746,2120000,0.0,0.0,ICE,ICE
2011-09-21,24.5,25.29199981689453,24.492000579833984,24.573999404907227,21.03782081604004,4410500,0.0,0.0,ICE,ICE
2011-09-22,24.02199935913086,24.715999603271484,23.761999130249023,24.58799934387207,21.0498046875,5996000,0.0,0.0,ICE,ICE
2011-09-23,24.506000518798828,24.694000244140625,23.964000701904297,24.420000076293945,20.90597915649414,5852000,0.0,0.0,ICE,ICE
2011-09-26,24.72599983215332,24.8439998626709,23.88400077819824,24.81399917602539,21.2432804107666,3999500,0.0,0.0,ICE,ICE
2011-09-27,25.013999938964844,25.13599967956543,24.66200065612793,24.808000564575195,21.238155364990234,4990000,0.0,0.0,ICE,ICE
2011-09-28,24.61400032043457,24.802000045776367,24.12800025939941,24.28400039672852,20.78955078125,4573500,0.0,0.0,ICE,ICE
2011-09-29,24.600000381469727,24.77400016784668,23.836000442504883,24.43600082397461,20.9196834564209,3408500,0.0,0.0,ICE,ICE
2011-09-30,24.176000595092773,24.275999069213867,23.6299991607666,23.652000427246094,20.24849510192871,3030000,0.0,0.0,ICE,ICE
2011-10-03,23.573999404907227,24.242000579833984,23.511999130249023,23.540000915527344,20.15261459350586,4331000,0.0,0.0,ICE,ICE
2011-10-04,23.288000106811523,24.34199905395508,23.04599952697754,24.25200080871582,20.76216506958008,4426000,0.0,0.0,ICE,ICE
2011-10-05,24.285999298095703,24.76000022888184,23.8759994506836,24.6259994506836,21.082332611083984,2889000,0.0,0.0,ICE,ICE
2011-10-06,24.5939998626709,25.13599967956543,24.299999237060547,25.10199928283692,21.489850997924805,2303000,0.0,0.0,ICE,ICE
2011-10-07,24.94599914550781,24.94599914550781,24.209999084472656,24.323999404907227,20.82379913330078,3753000,0.0,0.0,ICE,ICE
2011-10-10,24.74799919128418,25.275999069213867,24.69799995422364,25.194000244140625,21.568603515625,2343500,0.0,0.0,ICE,ICE
2011-10-11,25.0,25.097999572753903,24.31599998474121,24.6200008392334,21.07720375061035,3525000,0.0,0.0,ICE,ICE
2011-10-12,24.826000213623047,25.488000869750977,24.691999435424805,25.121999740600582,21.50697135925293,2830000,0.0,0.0,ICE,ICE
2011-10-13,24.95599937438965,24.972000122070312,24.468000411987305,24.81599998474121,21.24500274658203,2077000,0.0,0.0,ICE,ICE
2011-10-14,25.09000015258789,25.10199928283692,24.600000381469727,24.88999938964844,21.308353424072266,2395000,0.0,0.0,ICE,ICE
2011-10-17,24.68199920654297,24.992000579833984,24.38999938964844,24.45599937438965,20.93679428100586,3237500,0.0,0.0,ICE,ICE
2011-10-18,24.5,25.05599975585937,23.940000534057617,24.89999961853028,21.316909790039062,4291000,0.0,0.0,ICE,ICE
2011-10-19,24.940000534057617,25.03400039672852,24.511999130249023,24.562000274658203,21.02754783630371,4001000,0.0,0.0,ICE,ICE
2011-10-20,24.68400001525879,24.68600082397461,24.17799949645996,24.562000274658203,21.02754783630371,2724000,0.0,0.0,ICE,ICE
2011-10-21,24.722000122070312,25.600000381469727,24.722000122070312,25.302000045776367,21.66105842590332,4322000,0.0,0.0,ICE,ICE
2011-10-24,25.374000549316406,26.0,25.326000213623047,25.64800071716309,21.957273483276367,4272500,0.0,0.0,ICE,ICE
2011-10-25,25.28199958801269,25.459999084472656,24.74399948120117,24.823999404907227,21.25184631347656,2534500,0.0,0.0,ICE,ICE
2011-10-26,25.22599983215332,25.381999969482425,24.88800048828125,25.145999908447266,21.527507781982425,4144000,0.0,0.0,ICE,ICE
2011-10-27,26.13999938964844,26.53400039672852,25.67399978637696,26.42399978637696,22.6216049194336,7166000,0.0,0.0,ICE,ICE
2011-10-28,26.336000442504883,26.577999114990234,25.93600082397461,26.488000869750977,22.6763973236084,3300000,0.0,0.0,ICE,ICE
2011-10-31,25.78199958801269,26.464000701904297,25.78199958801269,25.97599983215332,22.23806953430176,3806500,0.0,0.0,ICE,ICE
2011-11-01,25.357999801635746,25.729999542236328,24.59000015258789,24.652000427246094,21.10459327697754,7075500,0.0,0.0,ICE,ICE
2011-11-02,24.996000289916992,25.95400047302246,23.974000930786133,24.52400016784668,20.995018005371094,8083500,0.0,0.0,ICE,ICE
2011-11-03,25.0,25.75200080871582,24.56399917602539,25.562000274658203,21.883649826049805,4154500,0.0,0.0,ICE,ICE
2011-11-04,25.395999908447266,25.8700008392334,25.29199981689453,25.49799919128418,21.82885932922364,4264000,0.0,0.0,ICE,ICE
2011-11-07,25.40800094604492,25.59000015258789,24.770000457763672,24.94599914550781,21.35629272460937,3869000,0.0,0.0,ICE,ICE
2011-11-08,25.083999633789062,25.46199989318848,24.941999435424805,25.41200065612793,21.75523567199707,3545500,0.0,0.0,ICE,ICE
2011-11-09,24.75200080871582,25.16200065612793,24.60400009155273,24.82999992370605,21.256986618041992,4498500,0.0,0.0,ICE,ICE
2011-11-10,25.19599914550781,25.256000518798828,24.670000076293945,25.06800079345703,21.460742950439453,3767500,0.0,0.0,ICE,ICE
2011-11-11,25.395999908447266,25.600000381469727,25.14999961853028,25.577999114990234,21.89734268188477,2337500,0.0,0.0,ICE,ICE
2011-11-14,25.41200065612793,25.46199989318848,25.14999961853028,25.336000442504883,21.690170288085938,2200500,0.0,0.0,ICE,ICE
2011-11-15,25.25,25.535999298095703,25.1560001373291,25.4060001373291,21.750099182128903,2781000,0.0,0.0,ICE,ICE
2011-11-16,25.1200008392334,25.238000869750977,24.46999931335449,24.492000579833984,20.96762466430664,4566000,0.0,0.0,ICE,ICE
2011-11-17,24.39999961853028,24.5,23.53400039672852,23.63400077819824,20.233078002929688,4791500,0.0,0.0,ICE,ICE
2011-11-18,23.597999572753903,23.827999114990234,23.302000045776367,23.441999435424805,20.068723678588867,4717500,0.0,0.0,ICE,ICE
2011-11-21,22.941999435424805,23.239999771118164,22.690000534057617,22.82999992370605,19.544782638549805,4177500,0.0,0.0,ICE,ICE
2011-11-22,22.893999099731445,23.5,22.777999877929688,23.18199920654297,19.84613609313965,3855000,0.0,0.0,ICE,ICE
2011-11-23,22.989999771118164,23.11599922180176,22.652000427246094,22.66200065612793,19.40095901489257,3137500,0.0,0.0,ICE,ICE
2011-11-25,22.60400009155273,22.917999267578125,22.600000381469727,22.756000518798828,19.48143196105957,860500,0.0,0.0,ICE,ICE
2011-11-28,23.42799949645996,23.624000549316406,23.194000244140625,23.511999130249023,20.128644943237305,3065500,0.0,0.0,ICE,ICE
2011-11-29,23.468000411987305,24.038000106811523,23.277999877929688,23.47599983215332,20.09782791137696,4024000,0.0,0.0,ICE,ICE
2011-11-30,24.18400001525879,24.37800025939941,23.86000061035156,24.3439998626709,20.84092140197754,4121500,0.0,0.0,ICE,ICE
2011-12-01,24.285999298095703,25.12800025939941,23.93600082397461,24.940000534057617,21.351152420043945,4604500,0.0,0.0,ICE,ICE
2011-12-02,25.176000595092773,25.507999420166016,24.62800025939941,24.68400001525879,21.13199806213379,2677000,0.0,0.0,ICE,ICE
2011-12-05,25.03400039672852,25.15800094604492,24.28400039672852,24.44599914550781,20.928247451782227,3665500,0.0,0.0,ICE,ICE
2011-12-06,24.40399932861328,24.808000564575195,24.39200019836425,24.6560001373291,21.1080265045166,2930000,0.0,0.0,ICE,ICE
2011-12-07,24.42399978637696,24.74799919128418,23.950000762939453,24.59600067138672,21.05666160583496,4087000,0.0,0.0,ICE,ICE
2011-12-08,24.43000030517578,24.804000854492188,24.05599975585937,24.11800003051757,20.64743995666504,2716000,0.0,0.0,ICE,ICE
2011-12-09,24.261999130249023,24.68600082397461,24.13599967956543,24.577999114990234,21.041248321533203,2088000,0.0,0.0,ICE,ICE
2011-12-12,24.290000915527344,24.38599967956543,23.70199966430664,23.90800094604492,20.46765899658203,2112000,0.0,0.0,ICE,ICE
2011-12-13,23.98200035095215,24.11599922180176,23.18199920654297,23.46999931335449,20.092687606811523,3809500,0.0,0.0,ICE,ICE
2011-12-14,23.40800094604492,23.63599967956543,23.224000930786133,23.450000762939453,20.07556915283203,2962500,0.0,0.0,ICE,ICE
2011-12-15,23.68600082397461,23.700000762939453,23.20800018310547,23.42399978637696,20.053312301635746,3952500,0.0,0.0,ICE,ICE
2011-12-16,23.652000427246094,23.775999069213867,23.36400032043457,23.535999298095703,20.14919090270996,3689000,0.0,0.0,ICE,ICE
2011-12-19,23.66200065612793,23.666000366210938,23.15999984741211,23.238000869750977,19.89407730102539,2829000,0.0,0.0,ICE,ICE
2011-12-20,23.6200008392334,24.04800033569336,23.597999572753903,23.979999542236328,20.529300689697266,1798000,0.0,0.0,ICE,ICE
2011-12-21,23.97800064086914,23.996000289916992,23.440000534057617,23.709999084472656,20.29815101623535,1281000,0.0,0.0,ICE,ICE
2011-12-22,23.75,23.979999542236328,23.676000595092773,23.90800094604492,20.46765899658203,1649500,0.0,0.0,ICE,ICE
2011-12-23,23.88999938964844,24.03400039672852,23.56599998474121,24.02400016784668,20.566972732543945,1008500,0.0,0.0,ICE,ICE
2011-12-27,23.968000411987305,24.23600006103516,23.80599975585937,24.11400032043457,20.644020080566406,1026500,0.0,0.0,ICE,ICE
2011-12-28,24.10199928283692,24.1560001373291,23.757999420166016,23.88400077819824,20.44711303710937,1372000,0.0,0.0,ICE,ICE
2011-12-29,23.95199966430664,24.3700008392334,23.84600067138672,24.26000022888184,20.769012451171875,1353500,0.0,0.0,ICE,ICE
2011-12-30,24.253999710083008,24.350000381469727,24.02400016784668,24.11000061035156,20.64059066772461,1213000,0.0,0.0,ICE,ICE
2012-01-03,24.479999542236328,24.624000549316406,23.68000030517578,23.714000701904297,20.30157470703125,3737500,0.0,0.0,ICE,ICE
2012-01-04,23.714000701904297,23.84199905395508,23.16399955749512,23.40399932861328,20.03618812561035,3076000,0.0,0.0,ICE,ICE
2012-01-05,23.18600082397461,23.444000244140625,22.9379997253418,23.402000427246094,20.034469604492188,3454000,0.0,0.0,ICE,ICE
2012-01-06,23.176000595092773,23.312000274658203,22.746000289916992,23.00200080871582,19.69203186035156,4209500,0.0,0.0,ICE,ICE
2012-01-09,23.1299991607666,23.13800048828125,22.336000442504883,22.516000747680664,19.27596664428711,5596000,0.0,0.0,ICE,ICE
2012-01-10,22.724000930786133,22.81399917602539,22.54800033569336,22.78199958801269,19.503692626953125,5643000,0.0,0.0,ICE,ICE
2012-01-11,22.6259994506836,22.690000534057617,22.36400032043457,22.52199935913086,19.28110694885254,4071000,0.0,0.0,ICE,ICE
2012-01-12,22.60400009155273,23.027999877929688,22.516000747680664,22.988000869750977,19.680049896240234,4320000,0.0,0.0,ICE,ICE
2012-01-13,22.77199935913086,23.440000534057617,22.77199935913086,23.29400062561035,19.942014694213867,5612000,0.0,0.0,ICE,ICE
2012-01-17,23.145999908447266,23.39800071716309,22.356000900268555,22.43000030517578,19.202335357666016,6832000,0.0,0.0,ICE,ICE
2012-01-18,22.417999267578125,22.95199966430664,22.13400077819824,22.950000762939453,19.647518157958984,5609000,0.0,0.0,ICE,ICE
2012-01-19,23.03400039672852,23.770000457763672,22.790000915527344,23.606000900268555,20.20912170410156,4898000,0.0,0.0,ICE,ICE
2012-01-20,23.61800003051757,23.667999267578125,23.25200080871582,23.48200035095215,20.10296440124512,3322500,0.0,0.0,ICE,ICE
2012-01-23,23.5,23.78199958801269,23.39999961853028,23.70599937438965,20.294734954833984,3520500,0.0,0.0,ICE,ICE
2012-01-24,23.43600082397461,23.857999801635746,23.261999130249023,23.785999298095703,20.363216400146484,2827500,0.0,0.0,ICE,ICE
2012-01-25,23.66399955749512,23.77400016784668,23.39999961853028,23.506000518798828,20.123504638671875,4278500,0.0,0.0,ICE,ICE
2012-01-26,23.600000381469727,23.804000854492188,23.41399955749512,23.489999771118164,20.10980796813965,3196500,0.0,0.0,ICE,ICE
2012-01-27,23.4060001373291,23.56399917602539,23.14200019836425,23.290000915527344,19.93858528137207,3346000,0.0,0.0,ICE,ICE
2012-01-30,23.09600067138672,23.29400062561035,22.9060001373291,23.086000442504883,19.7639389038086,2819000,0.0,0.0,ICE,ICE
2012-01-31,23.170000076293945,23.214000701904297,22.84000015258789,22.895999908447266,19.60127830505371,3083000,0.0,0.0,ICE,ICE
2012-02-01,23.11199951171875,23.16200065612793,22.916000366210938,22.9379997253418,19.63724136352539,4007500,0.0,0.0,ICE,ICE
2012-02-02,23.013999938964844,23.93600082397461,22.920000076293945,23.93000030517578,20.486492156982425,4292000,0.0,0.0,ICE,ICE
2012-02-03,24.04599952697754,24.525999069213867,24.04599952697754,24.464000701904297,20.943653106689453,3730500,0.0,0.0,ICE,ICE
2012-02-06,24.040000915527344,24.600000381469727,24.040000915527344,24.552000045776367,21.01898765563965,3029000,0.0,0.0,ICE,ICE
2012-02-07,24.45199966430664,24.881999969482425,24.3700008392334,24.554000854492188,21.02070426940918,4824000,0.0,0.0,ICE,ICE
2012-02-08,25.19599914550781,26.29199981689453,25.19599914550781,26.016000747680664,22.272321701049805,8140500,0.0,0.0,ICE,ICE
2012-02-09,26.17200088500977,26.56599998474121,26.07999992370605,26.38599967956543,22.589075088500977,5286000,0.0,0.0,ICE,ICE
2012-02-10,26.04599952697754,26.99799919128418,25.777999877929688,26.965999603271484,23.08561897277832,5327000,0.0,0.0,ICE,ICE
2012-02-13,27.0,27.0,26.304000854492188,26.74799919128418,22.89898681640625,3700500,0.0,0.0,ICE,ICE
2012-02-14,26.847999572753903,26.847999572753903,26.516000747680664,26.73600006103516,22.888715744018555,2842500,0.0,0.0,ICE,ICE
2012-02-15,26.77199935913086,26.856000900268555,26.520000457763672,26.57200050354004,22.74831199645996,2861500,0.0,0.0,ICE,ICE
2012-02-16,26.56399917602539,26.799999237060547,26.38999938964844,26.766000747680664,22.914396286010746,5262500,0.0,0.0,ICE,ICE
2012-02-17,26.856000900268555,27.0,26.65800094604492,26.893999099731445,23.02397346496582,3461500,0.0,0.0,ICE,ICE
2012-02-21,26.464000701904297,26.87800025939941,26.46199989318848,26.67399978637696,22.835634231567383,2645500,0.0,0.0,ICE,ICE
2012-02-22,26.450000762939453,26.826000213623047,26.450000762939453,26.6299991607666,22.797962188720703,2302500,0.0,0.0,ICE,ICE
2012-02-23,26.6200008392334,28.09199905395508,26.50200080871582,27.85199928283692,23.844118118286133,7411000,0.0,0.0,ICE,ICE
2012-02-24,28.020000457763672,28.020000457763672,27.51000022888184,27.94799995422364,23.92630958557129,4903000,0.0,0.0,ICE,ICE
2012-02-27,27.763999938964844,27.996000289916992,27.32999992370605,27.926000595092773,23.90747833251953,3634000,0.0,0.0,ICE,ICE
2012-02-28,27.959999084472656,28.02199935913086,27.468000411987305,27.972000122070312,23.946855545043945,2942500,0.0,0.0,ICE,ICE
2012-02-29,27.9060001373291,28.100000381469727,27.49799919128418,27.59199905395508,23.62153434753418,3469000,0.0,0.0,ICE,ICE
2012-03-01,27.61199951171875,28.02199935913086,27.4060001373291,27.959999084472656,23.93657493591309,4750500,0.0,0.0,ICE,ICE
2012-03-02,27.992000579833984,28.3799991607666,27.809999465942383,27.86599922180176,23.856109619140625,2793000,0.0,0.0,ICE,ICE
2012-03-05,27.826000213623047,27.95400047302246,27.468000411987305,27.6299991607666,23.6540641784668,2885000,0.0,0.0,ICE,ICE
2012-03-06,27.25200080871582,27.770000457763672,27.242000579833984,27.513999938964844,23.55475807189941,3414000,0.0,0.0,ICE,ICE
2012-03-07,27.474000930786133,28.167999267578125,27.474000930786133,27.88400077819824,23.871511459350582,3070000,0.0,0.0,ICE,ICE
2012-03-08,28.06800079345703,28.06800079345703,27.79400062561035,27.940000534057617,23.91945457458496,2080500,0.0,0.0,ICE,ICE
2012-03-09,28.003999710083008,28.479999542236328,27.91399955749512,28.36400032043457,24.282453536987305,2819000,0.0,0.0,ICE,ICE
2012-03-12,28.36400032043457,28.5,27.666000366210938,27.72599983215332,23.73624992370605,1925000,0.0,0.0,ICE,ICE
2012-03-13,27.86400032043457,28.474000930786133,27.775999069213867,28.474000930786133,24.376617431640625,2531500,0.0,0.0,ICE,ICE
2012-03-14,27.856000900268555,28.49799919128418,27.856000900268555,28.143999099731445,24.094104766845703,2036000,0.0,0.0,ICE,ICE
2012-03-15,28.15399932861328,28.549999237060547,28.020000457763672,28.3700008392334,24.28758430480957,2253500,0.0,0.0,ICE,ICE
2012-03-16,28.350000381469727,28.350000381469727,27.799999237060547,27.799999237060547,23.799610137939453,3375500,0.0,0.0,ICE,ICE
2012-03-19,27.88400077819824,28.200000762939453,27.56599998474121,28.05599975585937,24.01877212524414,1882500,0.0,0.0,ICE,ICE
2012-03-20,27.996000289916992,28.16399955749512,27.73200035095215,27.974000930786133,23.94856834411621,2011500,0.0,0.0,ICE,ICE
2012-03-21,27.86199951171875,28.052000045776367,27.32200050354004,27.8759994506836,23.864669799804688,2513500,0.0,0.0,ICE,ICE
2012-03-22,27.71999931335449,28.052000045776367,27.464000701904297,27.93000030517578,23.910892486572266,2258000,0.0,0.0,ICE,ICE
2012-03-23,28.0,28.18000030517578,27.645999908447266,27.895999908447266,23.881799697875977,2752000,0.0,0.0,ICE,ICE
2012-03-26,28.04400062561035,28.24799919128418,27.718000411987305,27.833999633789062,23.82871055603028,4180500,0.0,0.0,ICE,ICE
2012-03-27,27.804000854492188,27.84199905395508,27.39800071716309,27.43000030517578,23.482851028442383,2678500,0.0,0.0,ICE,ICE
2012-03-28,27.492000579833984,27.54199981689453,27.054000854492188,27.224000930786133,23.30649185180664,3224500,0.0,0.0,ICE,ICE
2012-03-29,27.05599975585937,27.21999931335449,26.92799949645996,27.038000106811523,23.14725112915039,2634500,0.0,0.0,ICE,ICE
2012-03-30,27.233999252319336,27.714000701904297,27.04599952697754,27.483999252319336,23.529071807861328,3158500,0.0,0.0,ICE,ICE
2012-04-02,27.417999267578125,27.91200065612793,27.29800033569336,27.724000930786133,23.73454475402832,2103000,0.0,0.0,ICE,ICE
2012-04-03,27.65399932861328,27.724000930786133,27.326000213623047,27.525999069213867,23.565031051635746,2688500,0.0,0.0,ICE,ICE
2012-04-04,27.34199905395508,27.6299991607666,26.881999969482425,26.90399932861328,23.03253555297852,2873000,0.0,0.0,ICE,ICE
2012-04-05,26.84199905395508,27.756000518798828,26.84199905395508,27.71999931335449,23.73111343383789,3012000,0.0,0.0,ICE,ICE
2012-04-09,27.606000900268555,27.606000900268555,27.003999710083008,27.167999267578125,23.258554458618164,1845000,0.0,0.0,ICE,ICE
2012-04-10,27.006000518798828,27.086000442504883,26.347999572753903,26.43600082397461,22.631881713867188,3017500,0.0,0.0,ICE,ICE
2012-04-11,26.81399917602539,26.93600082397461,26.58799934387207,26.69799995422364,22.856178283691406,2005500,0.0,0.0,ICE,ICE
2012-04-12,26.690000534057617,26.87800025939941,26.492000579833984,26.826000213623047,22.965761184692383,1517500,0.0,0.0,ICE,ICE
2012-04-13,26.733999252319336,27.106000900268555,26.59600067138672,26.61000061035156,22.780845642089844,1910000,0.0,0.0,ICE,ICE
2012-04-16,26.788000106811523,26.83799934387207,26.176000595092773,26.26799964904785,22.488056182861328,2676500,0.0,0.0,ICE,ICE
2012-04-17,26.333999633789062,26.54199981689453,26.0,26.46199989318848,22.65414047241211,2748500,0.0,0.0,ICE,ICE
2012-04-18,26.38400077819824,26.38400077819824,26.030000686645508,26.106000900268555,22.3493766784668,2734500,0.0,0.0,ICE,ICE
2012-04-19,26.13800048828125,26.333999633789062,25.788000106811523,25.902000427246094,22.17472648620605,2375000,0.0,0.0,ICE,ICE
2012-04-20,25.964000701904297,26.04800033569336,25.65999984741211,25.67799949645996,21.98296165466309,2153000,0.0,0.0,ICE,ICE
2012-04-23,25.5,25.63999938964844,25.34600067138672,25.61400032043457,21.928165435791016,2470500,0.0,0.0,ICE,ICE
2012-04-24,25.597999572753903,26.08799934387207,25.535999298095703,26.07200050354004,22.320262908935547,3189500,0.0,0.0,ICE,ICE
2012-04-25,26.19799995422364,26.6200008392334,26.12800025939941,26.52400016784668,22.70722007751465,2368000,0.0,0.0,ICE,ICE
2012-04-26,26.538000106811523,26.538000106811523,26.08799934387207,26.200000762939453,22.42984199523925,2882000,0.0,0.0,ICE,ICE
2012-04-27,26.39999961853028,26.577999114990234,26.11400032043457,26.53400039672852,22.71578025817871,1649500,0.0,0.0,ICE,ICE
2012-04-30,26.444000244140625,26.790000915527344,26.35400009155273,26.607999801635746,22.779129028320312,2231500,0.0,0.0,ICE,ICE
2012-05-01,26.444000244140625,26.57200050354004,26.003999710083008,26.222000122070312,22.44867706298828,3096500,0.0,0.0,ICE,ICE
2012-05-02,25.14999961853028,25.808000564575195,24.917999267578125,25.56999969482422,21.890501022338867,7034500,0.0,0.0,ICE,ICE
2012-05-03,25.93199920654297,26.04199981689453,25.40800094604492,25.85199928283692,22.131919860839844,5683000,0.0,0.0,ICE,ICE
2012-05-04,25.576000213623047,25.77199935913086,25.3700008392334,25.45800018310547,21.79461669921875,2750000,0.0,0.0,ICE,ICE
2012-05-07,25.38800048828125,25.57999992370605,25.03199958801269,25.12800025939941,21.512104034423828,2480000,0.0,0.0,ICE,ICE
2012-05-08,24.95199966430664,25.13999938964844,24.56599998474121,25.058000564575195,21.452178955078125,3340000,0.0,0.0,ICE,ICE
2012-05-09,24.76000022888184,25.170000076293945,24.718000411987305,24.983999252319336,21.388824462890625,1696500,0.0,0.0,ICE,ICE
2012-05-10,25.20199966430664,25.277999877929688,24.88800048828125,25.01000022888184,21.411083221435547,1765000,0.0,0.0,ICE,ICE
2012-05-11,24.808000564575195,25.20599937438965,24.6560001373291,24.79599952697754,21.227882385253903,3131500,0.0,0.0,ICE,ICE
2012-05-14,24.53199958801269,24.836000442504883,24.42399978637696,24.62800025939941,21.08405303955078,1832000,0.0,0.0,ICE,ICE
2012-05-15,24.70199966430664,24.996000289916992,24.336000442504883,24.40800094604492,20.895708084106445,3487500,0.0,0.0,ICE,ICE
2012-05-16,24.50200080871582,25.02400016784668,24.34199905395508,24.347999572753903,20.84434127807617,2646500,0.0,0.0,ICE,ICE
2012-05-17,24.871999740600582,25.257999420166016,24.25,24.26799964904785,20.775861740112305,3006000,0.0,0.0,ICE,ICE
2012-05-18,24.41399955749512,25.007999420166016,24.393999099731445,24.718000411987305,21.161102294921875,5374500,0.0,0.0,ICE,ICE
2012-05-21,24.71199989318848,25.03199958801269,24.606000900268555,25.01799964904785,21.41792297363281,2817500,0.0,0.0,ICE,ICE
2012-05-22,25.60199928283692,25.97599983215332,24.812000274658203,24.93600082397461,21.34773063659668,4661500,0.0,0.0,ICE,ICE
2012-05-23,24.93600082397461,24.94799995422364,24.41399955749512,24.8759994506836,21.296367645263672,2320000,0.0,0.0,ICE,ICE
2012-05-24,25.052000045776367,25.233999252319336,24.52400016784668,24.790000915527344,21.22274398803711,2072000,0.0,0.0,ICE,ICE
2012-05-25,24.83799934387207,25.31800079345703,24.67799949645996,25.097999572753903,21.486421585083008,2528000,0.0,0.0,ICE,ICE
2012-05-29,25.31399917602539,25.36599922180176,24.72800064086914,25.020000457763672,21.419647216796875,2623000,0.0,0.0,ICE,ICE
2012-05-30,24.777999877929688,24.777999877929688,24.17399978637696,24.45400047302246,20.93509292602539,3710500,0.0,0.0,ICE,ICE
2012-05-31,24.489999771118164,24.670000076293945,24.076000213623047,24.489999771118164,20.965909957885746,2729500,0.0,0.0,ICE,ICE
2012-06-01,24.17399978637696,24.26000022888184,23.68400001525879,23.694000244140625,20.28445243835449,2575500,0.0,0.0,ICE,ICE
2012-06-04,23.87800025939941,23.98200035095215,23.56399917602539,23.857999801635746,20.42485618591309,3368500,0.0,0.0,ICE,ICE
2012-06-05,23.724000930786133,25.17200088500977,23.724000930786133,25.1299991607666,21.513816833496094,6831000,0.0,0.0,ICE,ICE
2012-06-06,25.18199920654297,25.67200088500977,24.944000244140625,25.67200088500977,21.97782516479492,4577500,0.0,0.0,ICE,ICE
2012-06-07,25.90800094604492,25.96199989318848,25.49399948120117,25.535999298095703,21.86139297485352,3257500,0.0,0.0,ICE,ICE
2012-06-08,25.38999938964844,25.577999114990234,25.1560001373291,25.577999114990234,21.89734268188477,2581000,0.0,0.0,ICE,ICE
2012-06-11,25.71999931335449,25.8759994506836,25.333999633789062,25.35199928283692,21.70387077331543,2370500,0.0,0.0,ICE,ICE
2012-06-12,25.417999267578125,25.67200088500977,25.190000534057617,25.56800079345703,21.888784408569336,1641000,0.0,0.0,ICE,ICE
2012-06-13,25.92799949645996,25.92799949645996,25.1299991607666,25.194000244140625,21.568603515625,2247000,0.0,0.0,ICE,ICE
2012-06-14,25.38400077819824,25.79400062561035,25.25,25.757999420166016,22.05145072937012,3624000,0.0,0.0,ICE,ICE
2012-06-15,26.23200035095215,27.18199920654297,26.23200035095215,26.959999084472656,23.080480575561523,6557500,0.0,0.0,ICE,ICE
2012-06-18,26.83799934387207,27.44599914550781,26.70400047302246,27.24799919128418,23.32703018188477,3337500,0.0,0.0,ICE,ICE
2012-06-19,27.45800018310547,27.45800018310547,26.93000030517578,27.11199951171875,23.210601806640625,2576000,0.0,0.0,ICE,ICE
2012-06-20,27.166000366210938,27.200000762939453,26.76000022888184,26.97599983215332,23.094181060791016,1722500,0.0,0.0,ICE,ICE
2012-06-21,27.02199935913086,27.29800033569336,26.17200088500977,26.263999938964844,22.484634399414062,2123500,0.0,0.0,ICE,ICE
2012-06-22,26.26799964904785,26.71999931335449,26.238000869750977,26.63599967956543,22.803102493286133,1963000,0.0,0.0,ICE,ICE
2012-06-25,26.600000381469727,26.600000381469727,26.0939998626709,26.257999420166016,22.479501724243164,1692500,0.0,0.0,ICE,ICE
2012-06-26,26.246000289916992,26.871999740600582,26.246000289916992,26.67200088500977,22.833919525146484,1873000,0.0,0.0,ICE,ICE
2012-06-27,26.13800048828125,26.82999992370605,26.13800048828125,26.56599998474121,22.7431755065918,1842000,0.0,0.0,ICE,ICE
2012-06-28,26.381999969482425,26.833999633789062,26.21999931335449,26.827999114990234,22.967472076416016,1852500,0.0,0.0,ICE,ICE
2012-06-29,27.242000579833984,27.51799964904785,26.902000427246094,27.19599914550781,23.28251266479492,2884500,0.0,0.0,ICE,ICE
2012-07-02,28.35400009155273,28.35400009155273,26.374000549316406,27.16399955749512,23.25512313842773,3164000,0.0,0.0,ICE,ICE
2012-07-03,25.874000549316406,27.22800064086914,25.874000549316406,26.979999542236328,23.09760284423828,1552000,0.0,0.0,ICE,ICE
2012-07-05,27.14200019836425,27.23600006103516,26.81399917602539,26.94799995422364,23.070207595825195,1636000,0.0,0.0,ICE,ICE
2012-07-06,26.729999542236328,26.91200065612793,26.479999542236328,26.65999984741211,22.823650360107425,1154000,0.0,0.0,ICE,ICE
2012-07-09,26.67799949645996,26.809999465942383,26.36400032043457,26.562000274658203,22.739755630493164,1308000,0.0,0.0,ICE,ICE
2012-07-10,26.652000427246094,26.87800025939941,26.17200088500977,26.29599952697754,22.51203155517578,1808000,0.0,0.0,ICE,ICE
2012-07-11,26.26799964904785,26.89800071716309,26.19799995422364,26.74799919128418,22.89898681640625,2360500,0.0,0.0,ICE,ICE
2012-07-12,26.474000930786133,26.99799919128418,26.42399978637696,26.847999572753903,22.984603881835938,2811000,0.0,0.0,ICE,ICE
2012-07-13,26.84199905395508,27.488000869750977,26.81599998474121,27.444000244140625,23.49483108520508,2294500,0.0,0.0,ICE,ICE
2012-07-16,27.21999931335449,27.21999931335449,26.70800018310547,26.799999237060547,22.94350242614746,2739000,0.0,0.0,ICE,ICE
2012-07-17,26.989999771118164,27.24799919128418,26.88599967956543,27.229999542236328,23.31163215637207,1737500,0.0,0.0,ICE,ICE
2012-07-18,27.15800094604492,27.35199928283692,27.04599952697754,27.13400077819824,23.22944450378418,1311500,0.0,0.0,ICE,ICE
2012-07-19,27.145999908447266,27.20199966430664,26.62800025939941,26.753999710083008,22.904129028320312,1532500,0.0,0.0,ICE,ICE
2012-07-20,26.559999465942383,26.666000366210938,25.88999938964844,26.218000411987305,22.445255279541016,3710500,0.0,0.0,ICE,ICE
2012-07-23,25.802000045776367,26.356000900268555,25.77199935913086,26.233999252319336,22.45895004272461,2481000,0.0,0.0,ICE,ICE
2012-07-24,26.190000534057617,26.525999069213867,26.13400077819824,26.5,22.686674118041992,2540500,0.0,0.0,ICE,ICE
2012-07-25,26.50200080871582,26.71999931335449,25.97599983215332,26.1299991607666,22.369909286499023,4206500,0.0,0.0,ICE,ICE
2012-07-26,26.79400062561035,26.79400062561035,26.16399955749512,26.54599952697754,22.726051330566406,2916000,0.0,0.0,ICE,ICE
2012-07-27,26.79199981689453,27.11199951171875,26.492000579833984,26.850000381469727,22.986312866210938,1491000,0.0,0.0,ICE,ICE
2012-07-30,26.777999877929688,26.98200035095215,26.39800071716309,26.46999931335449,22.660993576049805,2806500,0.0,0.0,ICE,ICE
2012-07-31,26.56599998474121,26.69599914550781,26.11599922180176,26.24399948120117,22.46751594543457,2727500,0.0,0.0,ICE,ICE
2012-08-01,26.81599998474121,27.191999435424805,25.624000549316406,25.8799991607666,22.155895233154297,4321000,0.0,0.0,ICE,ICE
2012-08-02,25.761999130249023,25.881999969482425,25.24399948120117,25.742000579833984,22.03774642944336,4662500,0.0,0.0,ICE,ICE
2012-08-03,26.152000427246094,26.56399917602539,25.944000244140625,26.450000762939453,22.64386367797852,2123500,0.0,0.0,ICE,ICE
2012-08-06,26.538000106811523,26.775999069213867,26.356000900268555,26.39999961853028,22.60106086730957,1361000,0.0,0.0,ICE,ICE
2012-08-07,26.54800033569336,26.74799919128418,26.402000427246094,26.41399955749512,22.6130485534668,1487000,0.0,0.0,ICE,ICE
2012-08-08,26.26000022888184,26.65800094604492,26.06800079345703,26.450000762939453,22.64386367797852,1332500,0.0,0.0,ICE,ICE
2012-08-09,26.39999961853028,26.70400047302246,26.350000381469727,26.59000015258789,22.76372337341309,1012500,0.0,0.0,ICE,ICE
2012-08-10,26.27400016784668,26.738000869750977,26.27400016784668,26.652000427246094,22.816797256469727,1270000,0.0,0.0,ICE,ICE
2012-08-13,26.46199989318848,26.78400039672852,26.381999969482425,26.746000289916992,22.89728164672852,1204000,0.0,0.0,ICE,ICE
2012-08-14,26.799999237060547,26.799999237060547,26.3759994506836,26.516000747680664,22.70037269592285,1009500,0.0,0.0,ICE,ICE
2012-08-15,26.52199935913086,26.71199989318848,26.472000122070312,26.559999465942383,22.738037109375,1208000,0.0,0.0,ICE,ICE
2012-08-16,26.46999931335449,27.18199920654297,26.46999931335449,27.1259994506836,23.22258758544922,1338500,0.0,0.0,ICE,ICE
2012-08-17,27.20800018310547,27.27400016784668,26.871999740600582,27.06800079345703,23.17293739318848,1460500,0.0,0.0,ICE,ICE
2012-08-20,26.941999435424805,27.22800064086914,26.9060001373291,27.124000549316406,23.22088432312012,979000,0.0,0.0,ICE,ICE
2012-08-21,27.100000381469727,27.323999404907227,26.71999931335449,26.87800025939941,23.010278701782227,1518500,0.0,0.0,ICE,ICE
2012-08-22,26.91200065612793,27.25200080871582,26.652000427246094,27.200000762939453,23.285947799682617,1686000,0.0,0.0,ICE,ICE
2012-08-23,27.040000915527344,27.224000930786133,27.040000915527344,27.145999908447266,23.23971366882324,1612000,0.0,0.0,ICE,ICE
2012-08-24,26.926000595092773,27.450000762939453,26.893999099731445,27.420000076293945,23.474285125732425,1969500,0.0,0.0,ICE,ICE
2012-08-27,27.441999435424805,27.65999984741211,27.23200035095215,27.53400039672852,23.57187843322754,2301500,0.0,0.0,ICE,ICE
2012-08-28,27.5,27.89999961853028,27.5,27.67399978637696,23.69173622131348,2009000,0.0,0.0,ICE,ICE
2012-08-29,27.70599937438965,27.77199935913086,27.36400032043457,27.45199966430664,23.50168228149414,2009000,0.0,0.0,ICE,ICE
2012-08-30,27.030000686645508,27.312000274658203,26.964000701904297,27.270000457763672,23.345876693725582,3403500,0.0,0.0,ICE,ICE
2012-08-31,27.31999969482422,27.49799919128418,27.167999267578125,27.34000015258789,23.40580177307129,1058000,0.0,0.0,ICE,ICE
2012-09-04,27.34600067138672,27.402000427246094,26.91200065612793,27.31599998474121,23.38525009155273,2656500,0.0,0.0,ICE,ICE
2012-09-05,27.327999114990234,27.39999961853028,26.92200088500977,27.107999801635746,23.207181930541992,3112000,0.0,0.0,ICE,ICE
2012-09-06,27.26000022888184,27.48600006103516,27.17799949645996,27.38400077819824,23.44346618652344,3909000,0.0,0.0,ICE,ICE
2012-09-07,27.46999931335449,27.724000930786133,27.309999465942383,27.426000595092773,23.47941780090332,3960000,0.0,0.0,ICE,ICE
2012-09-10,27.492000579833984,27.63599967956543,27.13599967956543,27.15999984741211,23.25169944763184,3137000,0.0,0.0,ICE,ICE
2012-09-11,27.256000518798828,27.31399917602539,27.09000015258789,27.14999961853028,23.243135452270508,2911000,0.0,0.0,ICE,ICE
2012-09-12,27.21999931335449,27.261999130249023,27.11199951171875,27.190000534057617,23.277389526367188,2962000,0.0,0.0,ICE,ICE
2012-09-13,27.200000762939453,27.44599914550781,27.06399917602539,27.3700008392334,23.431480407714844,3677500,0.0,0.0,ICE,ICE
2012-09-14,27.63999938964844,28.11800003051757,27.309999465942383,28.01799964904785,23.986230850219727,5150000,0.0,0.0,ICE,ICE
2012-09-17,28.030000686645508,28.17799949645996,27.74799919128418,28.07999992370605,24.0393180847168,2930000,0.0,0.0,ICE,ICE
2012-09-18,27.95599937438965,28.229999542236328,27.836000442504883,28.073999404907227,24.03418159484864,2646500,0.0,0.0,ICE,ICE
2012-09-19,28.03400039672852,28.100000381469727,27.59199905395508,27.64200019836425,23.66433906555176,2580500,0.0,0.0,ICE,ICE
2012-09-20,27.4379997253418,27.562000274658203,27.054000854492188,27.559999465942383,23.594133377075195,1930000,0.0,0.0,ICE,ICE
2012-09-21,27.65399932861328,27.76799964904785,27.513999938964844,27.513999938964844,23.55475807189941,2753500,0.0,0.0,ICE,ICE
2012-09-24,27.450000762939453,27.60400009155273,27.277999877929688,27.43000030517578,23.482851028442383,1187500,0.0,0.0,ICE,ICE
2012-09-25,27.483999252319336,27.63599967956543,27.03199958801269,27.04199981689453,23.150672912597656,1534500,0.0,0.0,ICE,ICE
2012-09-26,26.996000289916992,27.106000900268555,26.89200019836425,26.93400001525879,23.058229446411133,1954500,0.0,0.0,ICE,ICE
2012-09-27,27.170000076293945,27.3759994506836,26.98600006103516,27.027999877929688,23.13870429992676,1224500,0.0,0.0,ICE,ICE
2012-09-28,26.996000289916992,27.246000289916992,26.63599967956543,26.68199920654297,22.842479705810547,3649000,0.0,0.0,ICE,ICE
2012-10-01,26.77199935913086,26.950000762939453,26.33799934387207,26.38400077819824,22.587366104125977,3603000,0.0,0.0,ICE,ICE
2012-10-02,26.52199935913086,26.597999572753903,25.944000244140625,26.09600067138672,22.340808868408203,4487500,0.0,0.0,ICE,ICE
2012-10-03,26.09600067138672,26.41399955749512,26.013999938964844,26.299999237060547,22.515457153320312,2705000,0.0,0.0,ICE,ICE
2012-10-04,26.3759994506836,26.583999633789062,26.18600082397461,26.402000427246094,22.60277366638184,2334000,0.0,0.0,ICE,ICE
2012-10-05,26.538000106811523,26.61800003051757,26.13400077819824,26.200000762939453,22.42984199523925,1668000,0.0,0.0,ICE,ICE
2012-10-08,26.1259994506836,26.24399948120117,26.04400062561035,26.09000015258789,22.335676193237305,1185000,0.0,0.0,ICE,ICE
2012-10-09,26.086000442504883,26.18000030517578,25.667999267578125,25.93600082397461,22.20383644104004,2477500,0.0,0.0,ICE,ICE
2012-10-10,26.013999938964844,26.11199951171875,25.63800048828125,25.73600006103516,22.032615661621094,1777000,0.0,0.0,ICE,ICE
2012-10-11,25.90800094604492,25.98200035095215,25.742000579833984,25.827999114990234,22.111373901367188,2025000,0.0,0.0,ICE,ICE
2012-10-12,25.785999298095703,26.10199928283692,25.676000595092773,25.94799995422364,22.214111328125,3762000,0.0,0.0,ICE,ICE
2012-10-15,26.167999267578125,26.17200088500977,25.60400009155273,25.802000045776367,22.08911895751953,2897000,0.0,0.0,ICE,ICE
2012-10-16,25.99799919128418,26.34000015258789,25.871999740600582,26.28400039672852,22.50174903869629,1609500,0.0,0.0,ICE,ICE
2012-10-17,26.215999603271484,26.332000732421875,26.04800033569336,26.1560001373291,22.39217567443848,6843000,0.0,0.0,ICE,ICE
2012-10-18,26.145999908447266,26.24799919128418,26.030000686645508,26.0939998626709,22.339099884033203,2527500,0.0,0.0,ICE,ICE
2012-10-19,26.09000015258789,26.43400001525879,26.027999877929688,26.040000915527344,22.292871475219727,2672500,0.0,0.0,ICE,ICE
2012-10-22,26.10400009155273,26.37800025939941,25.812000274658203,26.312000274658203,22.52573204040528,2036000,0.0,0.0,ICE,ICE
2012-10-23,26.011999130249023,26.16200065612793,25.84000015258789,26.076000213623047,22.32368278503418,1433000,0.0,0.0,ICE,ICE
2012-10-24,26.09199905395508,26.25,26.03199958801269,26.0939998626709,22.339099884033203,1037000,0.0,0.0,ICE,ICE
2012-10-25,26.28199958801269,26.28199958801269,25.72800064086914,26.100000381469727,22.34424018859864,1786000,0.0,0.0,ICE,ICE
2012-10-26,26.13999938964844,26.309999465942383,26.030000686645508,26.238000869750977,22.462379455566406,1297000,0.0,0.0,ICE,ICE
2012-10-31,26.238000869750977,26.450000762939453,26.011999130249023,26.200000762939453,22.42984199523925,1760500,0.0,0.0,ICE,ICE
2012-11-01,25.91200065612793,26.253999710083008,25.91200065612793,26.24799919128418,22.47092628479004,2775000,0.0,0.0,ICE,ICE
2012-11-02,26.371999740600582,26.492000579833984,25.920000076293945,25.965999603271484,22.229516983032227,2125000,0.0,0.0,ICE,ICE
2012-11-05,25.82999992370605,26.78199958801269,25.72800064086914,26.6560001373291,22.82022476196289,2004000,0.0,0.0,ICE,ICE
2012-11-06,26.606000900268555,26.763999938964844,26.357999801635746,26.690000534057617,22.84933090209961,3253500,0.0,0.0,ICE,ICE
2012-11-07,26.576000213623047,26.64999961853028,26.10199928283692,26.31399917602539,22.52744102478028,1807000,0.0,0.0,ICE,ICE
2012-11-08,26.29400062561035,26.57200050354004,25.97800064086914,26.076000213623047,22.32368278503418,1745500,0.0,0.0,ICE,ICE
2012-11-09,26.076000213623047,26.336000442504883,26.027999877929688,26.059999465942383,22.309988021850582,1188000,0.0,0.0,ICE,ICE
2012-11-12,26.145999908447266,26.25,25.86199951171875,26.11000061035156,22.352802276611328,1343500,0.0,0.0,ICE,ICE
2012-11-13,26.01799964904785,26.26799964904785,25.63400077819824,25.667999267578125,21.97439384460449,3638500,0.0,0.0,ICE,ICE
2012-11-14,25.66399955749512,25.88599967956543,25.525999069213867,25.58799934387207,21.905902862548828,3092500,0.0,0.0,ICE,ICE
2012-11-15,25.59600067138672,25.97599983215332,25.214000701904297,25.347999572753903,21.70044136047364,3223000,0.0,0.0,ICE,ICE
2012-11-16,25.3700008392334,25.61599922180176,25.24399948120117,25.520000457763672,21.84769630432129,2879000,0.0,0.0,ICE,ICE
2012-11-19,25.788000106811523,26.06800079345703,25.785999298095703,26.006000518798828,22.26375770568848,2279500,0.0,0.0,ICE,ICE
2012-11-20,25.92399978637696,26.1299991607666,25.75,25.974000930786133,22.236364364624023,1611000,0.0,0.0,ICE,ICE
2012-11-21,25.959999084472656,26.222000122070312,25.75,26.10400009155273,22.347654342651367,1430000,0.0,0.0,ICE,ICE
2012-11-23,26.20599937438965,26.246000289916992,26.006000518798828,26.238000869750977,22.462379455566406,620500,0.0,0.0,ICE,ICE
2012-11-26,26.11599922180176,26.308000564575195,26.052000045776367,26.16200065612793,22.39730453491211,1219000,0.0,0.0,ICE,ICE
2012-11-27,26.191999435424805,26.285999298095703,25.96999931335449,25.99399948120117,22.25348472595215,1386000,0.0,0.0,ICE,ICE
2012-11-28,25.965999603271484,26.22599983215332,25.88999938964844,26.200000762939453,22.42984199523925,1075500,0.0,0.0,ICE,ICE
2012-11-29,26.32999992370605,26.48600006103516,26.077999114990234,26.441999435424805,22.63701820373535,1352000,0.0,0.0,ICE,ICE
2012-11-30,26.393999099731445,26.50200080871582,26.22599983215332,26.43000030517578,22.626745223999023,2113500,0.0,0.0,ICE,ICE
2012-12-03,26.44799995422364,26.68600082397461,26.3700008392334,26.39999961853028,22.60106086730957,1882000,0.0,0.0,ICE,ICE
2012-12-04,26.530000686645508,26.53400039672852,26.049999237060547,26.170000076293945,22.404163360595703,1923000,0.0,0.0,ICE,ICE
2012-12-05,26.170000076293945,26.222000122070312,25.857999801635746,26.035999298095703,22.289438247680664,1869000,0.0,0.0,ICE,ICE
2012-12-06,26.03199958801269,26.32999992370605,25.804000854492188,26.22800064086914,22.45381164550781,2056500,0.0,0.0,ICE,ICE
2012-12-07,26.31999969482422,26.444000244140625,26.08799934387207,26.143999099731445,22.381895065307617,1347500,0.0,0.0,ICE,ICE
2012-12-10,26.059999465942383,26.35400009155273,26.035999298095703,26.200000762939453,22.42984199523925,1450000,0.0,0.0,ICE,ICE
2012-12-11,26.239999771118164,26.34000015258789,25.77400016784668,25.823999404907227,22.10794448852539,3207500,0.0,0.0,ICE,ICE
2012-12-12,25.94799995422364,26.11400032043457,25.770000457763672,25.940000534057617,22.207252502441406,2101500,0.0,0.0,ICE,ICE
2012-12-13,25.959999084472656,26.05599975585937,25.694000244140625,25.8439998626709,22.12506866455078,2100500,0.0,0.0,ICE,ICE
2012-12-14,25.82999992370605,25.93199920654297,25.54199981689453,25.57999992370605,21.899057388305664,1911500,0.0,0.0,ICE,ICE
2012-12-17,25.645999908447266,25.72599983215332,25.04199981689453,25.56800079345703,21.888784408569336,3420000,0.0,0.0,ICE,ICE
2012-12-18,25.68400001525879,25.833999633789062,25.42200088500977,25.607999801635746,21.92302894592285,4364000,0.0,0.0,ICE,ICE
2012-12-19,25.57999992370605,25.73600006103516,25.416000366210938,25.66200065612793,21.9692611694336,8459500,0.0,0.0,ICE,ICE
2012-12-20,27.049999237060547,27.07999992370605,24.691999435424805,26.020000457763672,22.275747299194336,68379000,0.0,0.0,ICE,ICE
2012-12-21,25.506000518798828,25.93600082397461,25.19599914550781,25.25,21.616544723510746,23741000,0.0,0.0,ICE,ICE
2012-12-24,25.233999252319336,25.39200019836425,24.941999435424805,25.007999420166016,21.409364700317383,3764500,0.0,0.0,ICE,ICE
2012-12-26,25.013999938964844,25.10400009155273,24.823999404907227,25.0,21.40251922607422,3805500,0.0,0.0,ICE,ICE
2012-12-27,25.054000854492188,25.15800094604492,24.54400062561035,24.8439998626709,21.268972396850582,5796000,0.0,0.0,ICE,ICE
2012-12-28,24.63599967956543,24.8700008392334,24.56399917602539,24.73200035095215,21.17308616638184,3814500,0.0,0.0,ICE,ICE
2012-12-31,24.714000701904297,24.76799964904785,24.56599998474121,24.761999130249023,21.198766708374023,5579000,0.0,0.0,ICE,ICE
2013-01-02,25.13400077819824,25.28400039672852,24.80599975585937,24.983999252319336,21.388824462890625,7525000,0.0,0.0,ICE,ICE
2013-01-03,25.035999298095703,25.38999938964844,24.85400009155273,25.38400077819824,21.73126220703125,7744500,0.0,0.0,ICE,ICE
2013-01-04,25.3439998626709,26.020000457763672,25.23600006103516,25.920000076293945,22.190135955810547,7896000,0.0,0.0,ICE,ICE
2013-01-07,25.690000534057617,25.79800033569336,25.36800003051757,25.381999969482425,21.72955322265625,5988000,0.0,0.0,ICE,ICE
2013-01-08,25.336000442504883,25.45599937438965,25.100000381469727,25.43600082397461,21.775781631469727,9003000,0.0,0.0,ICE,ICE
2013-01-09,25.38400077819824,25.606000900268555,25.327999114990234,25.52199935913086,21.84940528869629,10398500,0.0,0.0,ICE,ICE
2013-01-10,25.554000854492188,25.69799995422364,25.39200019836425,25.600000381469727,21.91618728637696,7229500,0.0,0.0,ICE,ICE
2013-01-11,25.54400062561035,25.88400077819824,25.45400047302246,25.871999740600582,22.149036407470703,4201500,0.0,0.0,ICE,ICE
2013-01-14,25.804000854492188,25.99399948120117,25.694000244140625,25.90399932861328,22.17643165588379,4037500,0.0,0.0,ICE,ICE
2013-01-15,25.833999633789062,25.833999633789062,25.459999084472656,25.718000411987305,22.017208099365234,4004500,0.0,0.0,ICE,ICE
2013-01-16,25.59199905395508,25.733999252319336,25.53400039672852,25.61599922180176,21.92987632751465,3868000,0.0,0.0,ICE,ICE
2013-01-17,25.714000701904297,26.323999404907227,25.667999267578125,26.242000579833984,22.465801239013672,5911500,0.0,0.0,ICE,ICE
2013-01-18,26.229999542236328,26.67200088500977,26.11000061035156,26.666000366210938,22.828786849975582,7045000,0.0,0.0,ICE,ICE
2013-01-22,26.513999938964844,26.823999404907227,26.1560001373291,26.82200050354004,22.96233558654785,7611500,0.0,0.0,ICE,ICE
2013-01-23,26.770000457763672,26.902000427246094,26.50200080871582,26.71199989318848,22.868162155151367,6586000,0.0,0.0,ICE,ICE
2013-01-24,26.746000289916992,27.11400032043457,26.70599937438965,26.856000900268555,22.99144554138184,6445000,0.0,0.0,ICE,ICE
2013-01-25,26.856000900268555,27.00200080871582,26.6879997253418,26.964000701904297,23.08390235900879,5192000,0.0,0.0,ICE,ICE
2013-01-28,26.979999542236328,27.170000076293945,26.65999984741211,27.04199981689453,23.150672912597656,10681000,0.0,0.0,ICE,ICE
2013-01-29,27.09600067138672,27.38599967956543,26.974000930786133,27.34199905395508,23.40751075744629,6987000,0.0,0.0,ICE,ICE
2013-01-30,27.393999099731445,27.944000244140625,27.37800025939941,27.780000686645508,23.782489776611328,11572500,0.0,0.0,ICE,ICE
2013-01-31,27.59199905395508,27.88800048828125,27.513999938964844,27.75,23.75679397583008,7394000,0.0,0.0,ICE,ICE
2013-02-01,27.96999931335449,28.488000869750977,27.82999992370605,28.176000595092773,24.121496200561523,8929000,0.0,0.0,ICE,ICE
2013-02-04,27.920000076293945,28.280000686645508,27.71199989318848,28.266000747680664,24.19854164123535,8337500,0.0,0.0,ICE,ICE
2013-02-05,28.266000747680664,28.71999931335449,28.11400032043457,28.70800018310547,24.576950073242188,11090000,0.0,0.0,ICE,ICE
2013-02-06,28.474000930786133,29.11800003051757,28.21199989318848,29.04400062561035,24.86458969116211,13719000,0.0,0.0,ICE,ICE
2013-02-07,29.00200080871582,29.832000732421875,28.73200035095215,29.790000915527344,25.503246307373047,8550000,0.0,0.0,ICE,ICE
2013-02-08,29.833999633789062,29.93199920654297,29.583999633789062,29.799999237060547,25.51180076599121,5682500,0.0,0.0,ICE,ICE
2013-02-11,29.809999465942383,29.989999771118164,29.61599922180176,29.965999603271484,25.653919219970703,3789500,0.0,0.0,ICE,ICE
2013-02-12,30.0,30.3759994506836,29.959999084472656,30.14200019836425,25.80459213256836,7847000,0.0,0.0,ICE,ICE
2013-02-13,30.100000381469727,30.374000549316406,29.826000213623047,30.36199951171875,25.9929313659668,4662500,0.0,0.0,ICE,ICE
2013-02-14,30.290000915527344,31.22599983215332,30.17399978637696,31.10400009155273,26.628156661987305,8397000,0.0,0.0,ICE,ICE
2013-02-15,31.100000381469727,31.694000244140625,30.96999931335449,31.29199981689453,26.78911018371582,8646500,0.0,0.0,ICE,ICE
2013-02-19,31.332000732421875,31.49799919128418,31.030000686645508,31.14999961853028,26.66754150390625,6837500,0.0,0.0,ICE,ICE
2013-02-20,31.077999114990234,31.32200050354004,30.90800094604492,30.944000244140625,26.491188049316406,5508500,0.0,0.0,ICE,ICE
2013-02-21,30.940000534057617,30.97800064086914,30.549999237060547,30.606000900268555,26.20181655883789,4357000,0.0,0.0,ICE,ICE
2013-02-22,30.763999938964844,31.229999542236328,30.74799919128418,31.19599914550781,26.706920623779297,4330500,0.0,0.0,ICE,ICE
2013-02-25,31.238000869750977,31.31800079345703,30.06999969482422,30.10400009155273,25.772066116333008,6389500,0.0,0.0,ICE,ICE
2013-02-26,30.39999961853028,30.61599922180176,30.121999740600582,30.56599998474121,26.16758155822754,3843000,0.0,0.0,ICE,ICE
2013-02-27,30.525999069213867,31.059999465942383,30.26000022888184,31.01799964904785,26.55453872680664,3023000,0.0,0.0,ICE,ICE
2013-02-28,31.030000686645508,31.246000289916992,30.770000457763672,30.964000701904297,26.5083122253418,3394000,0.0,0.0,ICE,ICE
2013-03-01,30.86599922180176,30.86599922180176,30.46199989318848,30.799999237060547,26.367908477783203,3331000,0.0,0.0,ICE,ICE
2013-03-04,30.761999130249023,31.347999572753903,30.582000732421875,31.31399917602539,26.807937622070312,2768000,0.0,0.0,ICE,ICE
2013-03-05,31.416000366210938,31.95400047302246,31.416000366210938,31.70599937438965,27.143535614013672,4208500,0.0,0.0,ICE,ICE
2013-03-06,32.029998779296875,32.45800018310547,31.95400047302246,32.06999969482422,27.455156326293945,3315500,0.0,0.0,ICE,ICE
2013-03-07,32.06999969482422,32.097999572753906,31.558000564575195,31.74799919128418,27.17949485778809,3503000,0.0,0.0,ICE,ICE
2013-03-08,31.93000030517578,32.01599884033203,31.583999633789062,31.71999931335449,27.15551376342773,3021000,0.0,0.0,ICE,ICE
2013-03-11,31.63800048828125,31.85199928283692,31.333999633789062,31.847999572753903,27.265098571777344,2893000,0.0,0.0,ICE,ICE
2013-03-12,31.73600006103516,31.833999633789062,31.631999969482425,31.700000762939453,27.13839340209961,2736000,0.0,0.0,ICE,ICE
2013-03-13,31.61800003051757,31.972000122070312,31.54800033569336,31.881999969482425,27.294208526611328,2213000,0.0,0.0,ICE,ICE
2013-03-14,31.790000915527344,32.52399826049805,31.738000869750977,32.46799850463867,27.795896530151367,4206500,0.0,0.0,ICE,ICE
2013-03-15,32.48199844360352,32.55799865722656,31.950000762939453,32.19599914550781,27.563026428222656,3262500,0.0,0.0,ICE,ICE
2013-03-18,31.73200035095215,32.198001861572266,31.68600082397461,31.96999931335449,27.36954689025879,1999000,0.0,0.0,ICE,ICE
2013-03-19,32.04999923706055,32.19200134277344,31.224000930786133,31.92200088500977,27.32844352722168,3595500,0.0,0.0,ICE,ICE
2013-03-20,31.96199989318848,32.47600173950195,31.881999969482425,32.31999969482422,27.66917991638184,2722000,0.0,0.0,ICE,ICE
2013-03-21,32.395999908447266,32.5880012512207,32.05799865722656,32.28799819946289,27.641788482666016,3280500,0.0,0.0,ICE,ICE
2013-03-22,32.32600021362305,32.571998596191406,32.22200012207031,32.46200180053711,27.790746688842773,2810000,0.0,0.0,ICE,ICE
2013-03-25,32.698001861572266,32.762001037597656,32.2400016784668,32.400001525878906,27.737668991088867,2419000,0.0,0.0,ICE,ICE
2013-03-26,32.52199935913086,32.63800048828125,31.8759994506836,32.31399917602539,27.66404151916504,2515000,0.0,0.0,ICE,ICE
2013-03-27,32.099998474121094,32.20000076293945,31.715999603271484,31.96199989318848,27.36269760131836,3242000,0.0,0.0,ICE,ICE
2013-03-28,31.920000076293945,32.63600158691406,31.729999542236328,32.61399841308594,27.92087745666504,3289000,0.0,0.0,ICE,ICE
2013-04-01,32.49399948120117,32.641998291015625,31.926000595092773,32.018001556396484,27.41063499450684,2567500,0.0,0.0,ICE,ICE
2013-04-02,32.28200149536133,32.6619987487793,32.060001373291016,32.29600143432617,27.64863586425781,4659500,0.0,0.0,ICE,ICE
2013-04-03,32.380001068115234,32.41400146484375,31.332000732421875,31.36599922180176,26.85245513916016,3693000,0.0,0.0,ICE,ICE
2013-04-04,31.465999603271484,31.82200050354004,31.218000411987305,31.420000076293945,26.898685455322266,2752500,0.0,0.0,ICE,ICE
2013-04-05,31.06599998474121,31.09600067138672,30.02400016784668,31.011999130249023,26.549400329589844,7387500,0.0,0.0,ICE,ICE
2013-04-08,30.98200035095215,31.224000930786133,30.790000915527344,31.194000244140625,26.705211639404297,1919000,0.0,0.0,ICE,ICE
2013-04-09,31.18199920654297,31.28400039672852,30.833999633789062,31.01000022888184,26.54768943786621,1612500,0.0,0.0,ICE,ICE
2013-04-10,31.097999572753903,31.645999908447266,31.097999572753903,31.552000045776367,27.01169776916504,2073500,0.0,0.0,ICE,ICE
2013-04-11,31.61800003051757,31.85199928283692,31.393999099731445,31.66399955749512,27.107580184936523,2267000,0.0,0.0,ICE,ICE
2013-04-12,31.6200008392334,31.68600082397461,31.36599922180176,31.63999938964844,27.087034225463867,1508000,0.0,0.0,ICE,ICE
2013-04-15,31.600000381469727,31.90800094604492,30.827999114990234,30.832000732421875,26.395301818847656,2443500,0.0,0.0,ICE,ICE
2013-04-16,31.013999938964844,31.13800048828125,30.66399955749512,31.10199928283692,26.626447677612305,2500000,0.0,0.0,ICE,ICE
2013-04-17,30.770000457763672,30.944000244140625,30.60400009155273,30.79400062561035,26.362770080566406,2918000,0.0,0.0,ICE,ICE
2013-04-18,30.833999633789062,31.12800025939941,30.416000366210938,30.48200035095215,26.09566307067871,2158000,0.0,0.0,ICE,ICE
2013-04-19,30.56999969482422,30.90399932861328,30.511999130249023,30.8759994506836,26.43296432495117,2023000,0.0,0.0,ICE,ICE
2013-04-22,30.88800048828125,31.229999542236328,30.57200050354004,31.054000854492188,26.58535957336425,2059500,0.0,0.0,ICE,ICE
2013-04-23,31.12800025939941,31.57999992370605,31.12800025939941,31.47800064086914,26.948347091674805,2300500,0.0,0.0,ICE,ICE
2013-04-24,31.56800079345703,31.799999237060547,31.36800003051757,31.67799949645996,27.119564056396484,2721500,0.0,0.0,ICE,ICE
2013-04-25,31.718000411987305,32.0260009765625,31.56599998474121,31.917999267578125,27.325035095214844,2659500,0.0,0.0,ICE,ICE
2013-04-26,31.86400032043457,32.07600021362305,31.600000381469727,31.902000427246094,27.31133079528809,1929000,0.0,0.0,ICE,ICE
2013-04-29,31.902000427246094,32.428001403808594,31.86800003051757,32.37799835205078,27.71883773803711,3246500,0.0,0.0,ICE,ICE
2013-04-30,32.2239990234375,32.70399856567383,32.198001861572266,32.58599853515625,27.89690399169922,9566000,0.0,0.0,ICE,ICE
2013-05-01,31.89999961853028,34.145999908447266,31.690000534057617,33.3120002746582,28.518434524536133,10017500,0.0,0.0,ICE,ICE
2013-05-02,33.33000183105469,34.34600067138672,33.21799850463867,34.3120002746582,29.374530792236328,4211500,0.0,0.0,ICE,ICE
2013-05-03,34.5260009765625,34.849998474121094,34.38600158691406,34.40399932861328,29.453289031982425,3441500,0.0,0.0,ICE,ICE
2013-05-06,34.262001037597656,34.507999420166016,34.25199890136719,34.33599853515625,29.395078659057617,2472000,0.0,0.0,ICE,ICE
2013-05-07,34.38800048828125,34.52199935913086,34.00199890136719,34.2239990234375,29.2991886138916,3169000,0.0,0.0,ICE,ICE
2013-05-08,34.16999816894531,34.40800094604492,33.93199920654297,34.332000732421875,29.391651153564453,2238000,0.0,0.0,ICE,ICE
2013-05-09,34.36399841308594,34.46799850463867,34.10599899291992,34.242000579833984,29.314611434936523,1663000,0.0,0.0,ICE,ICE
2013-05-10,34.24599838256836,34.470001220703125,34.152000427246094,34.41999816894531,29.46700096130371,1691000,0.0,0.0,ICE,ICE
2013-05-13,34.31800079345703,34.7400016784668,34.167999267578125,34.45199966430664,29.49438667297364,1557000,0.0,0.0,ICE,ICE
2013-05-14,34.49599838256836,35.22999954223633,34.43600082397461,35.18199920654297,30.11933708190918,1973500,0.0,0.0,ICE,ICE
2013-05-15,34.89400100708008,35.540000915527344,34.74599838256836,34.96200180053711,29.930992126464844,3221500,0.0,0.0,ICE,ICE
2013-05-16,34.86800003051758,35.19200134277344,34.79199981689453,34.80400085449219,29.795732498168945,2498500,0.0,0.0,ICE,ICE
2013-05-17,34.97800064086914,35.63600158691406,34.85200119018555,35.48199844360352,30.376176834106445,3598500,0.0,0.0,ICE,ICE
2013-05-20,35.310001373291016,35.763999938964844,35.06399917602539,35.21200180053711,30.14503669738769,3075500,0.0,0.0,ICE,ICE
2013-05-21,35.68000030517578,35.81999969482422,34.678001403808594,34.698001861572266,29.704998016357425,5379500,0.0,0.0,ICE,ICE
2013-05-22,34.65399932861328,34.875999450683594,33.60200119018555,33.90399932861328,29.02524375915528,8222500,0.0,0.0,ICE,ICE
2013-05-23,33.61800003051758,33.88999938964844,33.27000045776367,33.65800094604492,28.814647674560547,3263000,0.0,0.0,ICE,ICE
2013-05-24,33.54199981689453,33.70000076293945,33.23600006103516,33.53200149536133,28.706771850585938,3608000,0.0,0.0,ICE,ICE
2013-05-28,33.90599822998047,34.3120002746582,33.77000045776367,33.902000427246094,29.023527145385746,3604000,0.0,0.0,ICE,ICE
2013-05-29,33.66600036621094,34.38399887084961,33.66600036621094,34.242000579833984,29.314611434936523,2904500,0.0,0.0,ICE,ICE
2013-05-30,34.2599983215332,35.57400131225586,34.150001525878906,35.487998962402344,30.38130569458008,3896000,0.0,0.0,ICE,ICE
2013-05-31,35.34400177001953,35.391998291015625,34.242000579833984,34.242000579833984,29.314611434936523,4889000,0.0,0.0,ICE,ICE
2013-06-03,34.28400039672852,34.310001373291016,33.3380012512207,33.84000015258789,28.9704532623291,3281000,0.0,0.0,ICE,ICE
2013-06-04,33.79800033569336,33.821998596191406,32.650001525878906,32.95199966430664,28.2102279663086,4219000,0.0,0.0,ICE,ICE
2013-06-05,32.70199966430664,33.23600006103516,32.59000015258789,32.96799850463867,28.223936080932617,3600000,0.0,0.0,ICE,ICE
2013-06-06,32.7859992980957,33.87200164794922,32.7859992980957,33.84000015258789,28.9704532623291,3263000,0.0,0.0,ICE,ICE
2013-06-07,33.97200012207031,34.9739990234375,33.374000549316406,34.939998626708984,29.91216278076172,3509000,0.0,0.0,ICE,ICE
2013-06-10,35.0,35.172000885009766,34.60200119018555,35.01599884033203,29.977235794067383,2535500,0.0,0.0,ICE,ICE
2013-06-11,34.43399810791016,34.61800003051758,34.09600067138672,34.22800064086914,29.302623748779297,2743000,0.0,0.0,ICE,ICE
2013-06-12,34.25199890136719,34.60599899291992,34.20000076293945,34.4119987487793,29.46013259887696,2743000,0.0,0.0,ICE,ICE
2013-06-13,34.31999969482422,35.099998474121094,34.108001708984375,35.077999114990234,30.030303955078125,2835000,0.0,0.0,ICE,ICE
2013-06-14,35.0,35.04399871826172,34.604000091552734,34.630001068115234,29.646778106689453,2449500,0.0,0.0,ICE,ICE
2013-06-17,34.874000549316406,35.91999816894531,34.7239990234375,35.77399826049805,30.62615203857422,4718000,0.0,0.0,ICE,ICE
2013-06-18,36.0,36.82400131225586,35.95199966430664,36.61399841308594,31.34528350830078,5312500,0.0,0.0,ICE,ICE
2013-06-19,36.59999847412109,36.59999847412109,35.69200134277344,35.77000045776367,30.622745513916016,3183000,0.0,0.0,ICE,ICE
2013-06-20,35.36800003051758,35.63600158691406,34.46799850463867,34.694000244140625,29.70156478881836,4707000,0.0,0.0,ICE,ICE
2013-06-21,34.8120002746582,35.06399917602539,34.06800079345703,34.512001037597656,29.54575538635254,4259500,0.0,0.0,ICE,ICE
2013-06-24,34.082000732421875,34.79199981689453,33.7400016784668,34.38800048828125,29.439599990844727,4703500,0.0,0.0,ICE,ICE
2013-06-25,34.65599822998047,35.43000030517578,34.5359992980957,35.02399826049805,29.984071731567383,4509000,0.0,0.0,ICE,ICE
2013-06-26,35.391998291015625,36.14400100708008,34.88999938964844,35.97999954223633,30.8025016784668,5631500,0.0,0.0,ICE,ICE
2013-06-27,35.96200180053711,36.2859992980957,35.64400100708008,35.93199920654297,30.76142120361328,3694500,0.0,0.0,ICE,ICE
2013-06-28,35.81999969482422,36.0260009765625,35.551998138427734,35.551998138427734,30.436092376708984,4040500,0.0,0.0,ICE,ICE
2013-07-01,35.91999816894531,36.25,35.58599853515625,35.604000091552734,30.480609893798828,3640500,0.0,0.0,ICE,ICE
2013-07-02,35.50400161743164,35.77000045776367,34.72600173950195,34.900001525878906,29.87792015075684,7087000,0.0,0.0,ICE,ICE
2013-07-03,34.874000549316406,35.194000244140625,34.7239990234375,34.97999954223633,29.946407318115234,3617000,0.0,0.0,ICE,ICE
2013-07-05,35.27000045776367,35.470001220703125,34.9739990234375,35.40599822998047,30.31110191345215,3260500,0.0,0.0,ICE,ICE
2013-07-08,35.4900016784668,35.91600036621094,35.395999908447266,35.47600173950195,30.37104034423828,2274500,0.0,0.0,ICE,ICE
2013-07-09,35.79999923706055,35.944000244140625,34.70800018310547,35.06999969482422,30.023462295532227,4648500,0.0,0.0,ICE,ICE
2013-07-10,35.11199951171875,35.89799880981445,35.03799819946289,35.854000091552734,30.69463348388672,3910500,0.0,0.0,ICE,ICE
2013-07-11,36.14799880981445,36.290000915527344,35.402000427246094,35.84600067138672,30.687788009643555,4472500,0.0,0.0,ICE,ICE
2013-07-12,35.869998931884766,36.22200012207031,35.73199844360352,36.13399887084961,30.934345245361328,2596500,0.0,0.0,ICE,ICE
2013-07-15,36.167999267578125,36.48600006103516,35.95600128173828,36.37200164794922,31.13809585571289,2825500,0.0,0.0,ICE,ICE
2013-07-16,36.32400131225586,36.6879997253418,36.24800109863281,36.3120002746582,31.086727142333984,3403000,0.0,0.0,ICE,ICE
2013-07-17,36.3759994506836,36.55199813842773,36.108001708984375,36.20399856567383,30.99427604675293,2521500,0.0,0.0,ICE,ICE
2013-07-18,36.29800033569336,36.45199966430664,36.0359992980957,36.29399871826172,31.07132148742676,1895000,0.0,0.0,ICE,ICE
2013-07-19,36.124000549316406,36.124000549316406,35.492000579833984,35.79800033569336,30.646699905395508,2842000,0.0,0.0,ICE,ICE
2013-07-22,35.737998962402344,35.737998962402344,35.27399826049805,35.43600082397461,30.3367977142334,2358500,0.0,0.0,ICE,ICE
2013-07-23,35.45000076293945,35.77000045776367,35.29800033569336,35.698001861572266,30.561098098754883,2583000,0.0,0.0,ICE,ICE
2013-07-24,35.73600006103516,35.88999938964844,35.220001220703125,35.35599899291992,30.26830101013184,2728000,0.0,0.0,ICE,ICE
2013-07-25,35.23600006103516,35.75199890136719,35.152000427246094,35.72999954223633,30.58848571777344,1832000,0.0,0.0,ICE,ICE
2013-07-26,35.56399917602539,35.58000183105469,34.97999954223633,35.45600128173828,30.353910446166992,2213500,0.0,0.0,ICE,ICE
2013-07-29,35.29399871826172,35.8380012512207,35.279998779296875,35.650001525878906,30.519990921020508,1943500,0.0,0.0,ICE,ICE
2013-07-30,35.619998931884766,36.0260009765625,35.619998931884766,35.93199920654297,30.76142120361328,1900500,0.0,0.0,ICE,ICE
2013-07-31,36.018001556396484,36.77799987792969,35.93199920654297,36.4900016784668,31.23911476135254,4744500,0.0,0.0,ICE,ICE
2013-08-01,36.80199813842773,37.18999862670898,36.60599899291992,37.15999984741211,31.812700271606445,3188500,0.0,0.0,ICE,ICE
2013-08-02,37.44400024414063,37.75600051879883,36.78799819946289,37.6879997253418,32.26472854614258,4672500,0.0,0.0,ICE,ICE
2013-08-05,37.48600006103516,37.57600021362305,36.948001861572266,37.12799835205078,31.78530502319336,4042000,0.0,0.0,ICE,ICE
2013-08-06,36.8759994506836,37.48799896240234,36.790000915527344,37.36399841308594,31.98736000061035,3223500,0.0,0.0,ICE,ICE
2013-08-07,37.23199844360352,37.26399993896485,36.02799987792969,36.99800109863281,31.674028396606445,3155500,0.0,0.0,ICE,ICE
2013-08-08,37.07600021362305,37.56600189208984,36.900001525878906,37.43399810791016,32.04728698730469,2544500,0.0,0.0,ICE,ICE
2013-08-09,37.40999984741211,37.59400177001953,36.92599868774414,36.98400115966797,31.662023544311523,1034000,0.0,0.0,ICE,ICE
2013-08-12,36.78799819946289,36.8759994506836,36.400001525878906,36.62799835205078,31.357271194458008,2144500,0.0,0.0,ICE,ICE
2013-08-13,36.63999938964844,36.72200012207031,36.36600112915039,36.59999847412109,31.33328628540039,1938500,0.0,0.0,ICE,ICE
2013-08-14,36.59199905395508,36.720001220703125,36.257999420166016,36.41999816894531,31.17918586730957,1505500,0.0,0.0,ICE,ICE
2013-08-15,36.16600036621094,36.23799896240234,35.75400161743164,36.06999969482422,30.879552841186523,2232000,0.0,0.0,ICE,ICE
2013-08-16,36.02999877929688,36.47999954223633,35.874000549316406,36.358001708984375,31.126123428344727,2342500,0.0,0.0,ICE,ICE
2013-08-19,36.11000061035156,36.73400115966797,36.11000061035156,36.33200073242188,31.103853225708008,2589500,0.0,0.0,ICE,ICE
2013-08-20,36.27399826049805,36.7140007019043,36.119998931884766,36.65800094604492,31.38294982910156,3916000,0.0,0.0,ICE,ICE
2013-08-21,36.4900016784668,36.874000549316406,36.28400039672852,36.33200073242188,31.103853225708008,2265000,0.0,0.0,ICE,ICE
2013-08-22,36.44599914550781,37.242000579833984,36.34199905395508,37.10200119018555,31.763059616088867,2576000,0.0,0.0,ICE,ICE
2013-08-23,37.104000091552734,37.28799819946289,36.805999755859375,37.06600189208984,31.732240676879883,2835000,0.0,0.0,ICE,ICE
2013-08-26,37.06800079345703,37.29600143432617,36.63999938964844,36.67399978637695,31.396652221679688,2495000,0.0,0.0,ICE,ICE
2013-08-27,36.38199996948242,36.51599884033203,35.854000091552734,36.04800033569336,30.86073875427246,3233500,0.0,0.0,ICE,ICE
2013-08-28,36.04999923706055,36.59400177001953,35.85200119018555,35.98600006103516,30.80765151977539,2283500,0.0,0.0,ICE,ICE
2013-08-29,35.88800048828125,36.33599853515625,35.86600112915039,36.05400085449219,30.865867614746094,2115500,0.0,0.0,ICE,ICE
2013-08-30,35.97999954223633,36.12200164794922,35.7140007019043,35.95000076293945,30.776824951171875,2110500,0.0,0.0,ICE,ICE
2013-09-03,36.44599914550781,36.79600143432617,36.16400146484375,36.33399963378906,31.10557556152344,2583000,0.0,0.0,ICE,ICE
2013-09-04,36.3120002746582,36.720001220703125,35.88999938964844,36.59000015258789,31.324726104736328,2538000,0.0,0.0,ICE,ICE
2013-09-05,36.53400039672852,36.64599990844727,36.172000885009766,36.20000076293945,30.990856170654297,3186000,0.0,0.0,ICE,ICE
2013-09-06,36.38999938964844,36.40399932861328,35.45199966430664,35.87799835205078,30.715171813964844,4139500,0.0,0.0,ICE,ICE
2013-09-09,35.80799865722656,36.29199981689453,35.80799865722656,36.2859992980957,31.064477920532227,3462500,0.0,0.0,ICE,ICE
2013-09-10,36.5,36.59400177001953,36.18199920654297,36.20000076293945,30.990856170654297,3332500,0.0,0.0,ICE,ICE
2013-09-11,36.18999862670898,36.34400177001953,36.0260009765625,36.310001373291016,31.08502578735352,2383500,0.0,0.0,ICE,ICE
2013-09-12,36.262001037597656,36.39400100708008,35.93000030517578,36.0,30.819629669189453,2688500,0.0,0.0,ICE,ICE
2013-09-13,36.150001525878906,36.198001861572266,35.68399810791016,36.10599899291992,30.91037368774414,2818000,0.0,0.0,ICE,ICE
2013-09-16,36.47800064086914,36.54600143432617,36.13800048828125,36.2140007019043,31.00284194946289,2786500,0.0,0.0,ICE,ICE
2013-09-17,36.3380012512207,36.4640007019043,36.21799850463867,36.31999969482422,31.093589782714844,2930500,0.0,0.0,ICE,ICE
2013-09-18,36.38600158691406,36.459999084472656,36.15399932861328,36.34400177001953,31.114137649536133,2743000,0.0,0.0,ICE,ICE
2013-09-19,36.400001525878906,36.63199996948242,36.20600128173828,36.59400177001953,31.328149795532227,2899500,0.0,0.0,ICE,ICE
2013-09-20,36.63399887084961,36.9900016784668,36.310001373291016,36.42599868774414,31.184329986572266,3190000,0.0,0.0,ICE,ICE
2013-09-23,36.2599983215332,36.34600067138672,35.91999816894531,36.22800064086914,31.01482391357422,1793500,0.0,0.0,ICE,ICE
2013-09-24,36.15399932861328,36.4379997253418,35.96799850463867,36.13800048828125,30.937774658203125,2013000,0.0,0.0,ICE,ICE
2013-09-25,36.18199920654297,36.32400131225586,35.720001220703125,35.779998779296875,30.63129425048828,2796000,0.0,0.0,ICE,ICE
2013-09-26,35.85200119018555,36.15599822998047,35.72200012207031,35.98400115966797,30.805932998657227,1951500,0.0,0.0,ICE,ICE
2013-09-27,35.77000045776367,36.400001525878906,35.68600082397461,36.25600051879883,31.03879737854004,1899000,0.0,0.0,ICE,ICE
2013-09-30,35.89400100708008,36.35200119018555,35.68199920654297,36.28400039672852,31.0627670288086,2765500,0.0,0.0,ICE,ICE
2013-10-01,36.21799850463867,36.84600067138672,36.16400146484375,36.7859992980957,31.49252891540528,3542500,0.0,0.0,ICE,ICE
2013-10-02,36.51599884033203,36.821998596191406,35.81999969482422,36.821998596191406,31.523344039916992,5870500,0.0,0.0,ICE,ICE
2013-10-03,36.77799987792969,37.70399856567383,36.75600051879883,37.60599899291992,32.19453811645508,5790500,0.0,0.0,ICE,ICE
2013-10-04,37.742000579833984,38.75600051879883,37.57600021362305,38.72999954223633,33.15678405761719,5952000,0.0,0.0,ICE,ICE
2013-10-07,38.400001525878906,38.86800003051758,38.30799865722656,38.59999847412109,33.045494079589844,3443000,0.0,0.0,ICE,ICE
2013-10-08,38.5,38.7400016784668,37.5359992980957,37.93199920654297,32.473609924316406,5485500,0.0,0.0,ICE,ICE
2013-10-09,37.97999954223633,38.2400016784668,37.470001220703125,37.79199981689453,32.353759765625,4723000,0.0,0.0,ICE,ICE
2013-10-10,38.13199996948242,38.93999862670898,38.00199890136719,38.63199996948242,33.07288360595703,4279500,0.0,0.0,ICE,ICE
2013-10-11,38.51399993896485,39.05199813842773,38.43999862670898,38.93600082397461,33.33314514160156,2995500,0.0,0.0,ICE,ICE
2013-10-14,38.77799987792969,39.242000579833984,38.62200164794922,39.13199996948242,33.50094223022461,1445500,0.0,0.0,ICE,ICE
2013-10-15,38.94599914550781,39.20800018310547,38.68399810791016,38.82400131225586,33.23725891113281,2421000,0.0,0.0,ICE,ICE
2013-10-16,39.14599990844727,39.49599838256836,38.88800048828125,39.10200119018555,33.47526550292969,1834500,0.0,0.0,ICE,ICE
2013-10-17,38.99800109863281,39.52000045776367,38.82799911499024,39.45000076293945,33.77318572998047,2551000,0.0,0.0,ICE,ICE
2013-10-18,39.41600036621094,39.70600128173828,39.19400024414063,39.64400100708008,33.93925857543945,3186000,0.0,0.0,ICE,ICE
2013-10-21,39.68399810791016,39.68399810791016,39.31399917602539,39.45000076293945,33.77318572998047,1974000,0.0,0.0,ICE,ICE
2013-10-22,39.49599838256836,39.69200134277344,39.152000427246094,39.49399948120117,33.810848236083984,1965000,0.0,0.0,ICE,ICE
2013-10-23,39.41999816894531,39.41999816894531,38.970001220703125,39.1879997253418,33.54887771606445,3684000,0.0,0.0,ICE,ICE
2013-10-24,39.21599960327149,39.36600112915039,39.055999755859375,39.2400016784668,33.5933952331543,2516000,0.0,0.0,ICE,ICE
2013-10-25,39.27999877929688,39.4119987487793,39.04999923706055,39.20000076293945,33.55915069580078,2162000,0.0,0.0,ICE,ICE
2013-10-28,39.26399993896485,39.26399993896485,38.55799865722656,38.762001037597656,33.1841926574707,3016000,0.0,0.0,ICE,ICE
2013-10-29,38.72200012207031,39.03799819946289,38.35599899291992,38.56999969482422,33.019805908203125,5115000,0.0,0.0,ICE,ICE
2013-10-30,38.61000061035156,38.762001037597656,38.09400177001953,38.119998931884766,32.634559631347656,4527000,0.0,0.0,ICE,ICE
2013-10-31,38.29199981689453,38.81800079345703,38.27799987792969,38.54600143432617,32.999263763427734,4232500,0.0,0.0,ICE,ICE
2013-11-01,38.93600082397461,39.262001037597656,38.61199951171875,39.06999969482422,33.44786834716797,3568500,0.0,0.0,ICE,ICE
2013-11-04,39.10200119018555,39.21200180053711,38.44200134277344,38.76800155639648,33.189327239990234,3493500,0.0,0.0,ICE,ICE
2013-11-05,39.75400161743164,40.17399978637695,39.09199905395508,39.59400177001953,33.896453857421875,5027500,0.0,0.0,ICE,ICE
2013-11-06,39.762001037597656,39.992000579833984,39.400001525878906,39.959999084472656,34.20978927612305,3864500,0.0,0.0,ICE,ICE
2013-11-07,39.959999084472656,40.48799896240234,39.78799819946289,40.06600189208984,34.300537109375,6506000,0.0,0.0,ICE,ICE
2013-11-08,40.05799865722656,41.04999923706055,40.05799865722656,40.84000015258789,34.96316909790039,3399000,0.0,0.0,ICE,ICE
2013-11-11,40.84000015258789,41.15999984741211,40.45800018310547,40.54399871826172,34.70976257324219,1762500,0.0,0.0,ICE,ICE
2013-11-12,40.48199844360352,40.63600158691406,39.560001373291016,39.560001373291016,33.86736297607422,9424500,0.0,0.0,ICE,ICE
2013-11-13,39.63800048828125,40.28400039672852,39.560001373291016,39.96799850463867,34.21663284301758,3813000,0.0,0.0,ICE,ICE
2013-11-14,40.09999847412109,40.11399841308594,39.34999847412109,39.83200073242188,34.10021209716797,4250500,0.0,0.0,ICE,ICE
2013-11-15,39.79999923706055,40.6879997253418,39.79999923706055,40.47200012207031,34.64811325073242,3999000,0.0,0.0,ICE,ICE
2013-11-18,40.86600112915039,40.90399932861328,40.25400161743164,40.63399887084961,34.78681182861328,4699500,0.0,0.0,ICE,ICE
2013-11-19,40.71799850463867,41.56800079345703,40.71799850463867,41.28400039672852,35.3432731628418,8981500,0.0,0.0,ICE,ICE
2013-11-20,41.38999938964844,42.64599990844727,41.20000076293945,42.61399841308594,36.48188781738281,8391500,0.0,0.0,ICE,ICE
2013-11-21,43.040000915527344,43.20800018310547,42.61399841308594,43.141998291015625,36.93390274047852,7203000,0.0,0.0,ICE,ICE
2013-11-22,43.141998291015625,43.6259994506836,42.97600173950195,43.48199844360352,37.2249755859375,4623500,0.0,0.0,ICE,ICE
2013-11-25,43.57600021362305,43.61000061035156,43.119998931884766,43.26399993896485,37.03834915161133,3283000,0.0,0.0,ICE,ICE
2013-11-26,43.20000076293945,43.32600021362305,42.65599822998047,42.65599822998047,36.51782989501953,6380000,0.0,0.0,ICE,ICE
2013-11-27,42.78799819946289,43.1259994506836,42.54199981689453,42.88399887084961,36.713016510009766,2293000,0.0,0.0,ICE,ICE
2013-11-29,43.0,43.05799865722656,42.624000549316406,42.65800094604492,36.5195541381836,1023500,0.0,0.0,ICE,ICE
2013-12-02,42.76599884033203,43.19200134277344,42.53200149536133,42.97800064086914,36.79351043701172,4442500,0.0,0.0,ICE,ICE
2013-12-03,42.83000183105469,42.88399887084961,42.42599868774414,42.54199981689453,36.42024230957031,4220500,0.0,0.0,ICE,ICE
2013-12-04,42.20800018310547,42.73600006103516,42.07400131225586,42.459999084472656,36.35004425048828,3011000,0.0,0.0,ICE,ICE
2013-12-05,42.354000091552734,42.67599868774414,42.18999862670898,42.52999877929688,36.40997314453125,6012000,0.0,0.0,ICE,ICE
2013-12-06,42.8759994506836,43.70000076293945,42.70000076293945,43.63999938964844,37.360233306884766,4871000,0.0,0.0,ICE,ICE
2013-12-09,43.24800109863281,43.80400085449219,43.14400100708008,43.4739990234375,37.21812438964844,3734000,0.0,0.0,ICE,ICE
2013-12-10,43.45800018310547,43.61800003051758,43.1879997253418,43.354000091552734,37.11539459228516,2632000,0.0,0.0,ICE,ICE
2013-12-11,43.652000427246094,44.01399993896485,43.3380012512207,43.70000076293945,37.41160583496094,5349000,0.0,0.0,ICE,ICE
2013-12-12,43.37200164794922,43.89799880981445,43.15399932861328,43.56600189208984,37.40817642211914,6980500,0.13,0.0,ICE,ICE
2013-12-13,43.76599884033203,44.25,43.7140007019043,44.0880012512207,37.85639190673828,4658000,0.0,0.0,ICE,ICE
2013-12-16,44.20000076293945,44.47800064086914,44.02199935913086,44.36800003051758,38.09681701660156,5095500,0.0,0.0,ICE,ICE
2013-12-17,44.45800018310547,44.63199996948242,43.95800018310547,44.44400024414063,38.16207504272461,5837000,0.0,0.0,ICE,ICE
2013-12-18,44.31600189208984,45.13999938964844,43.95399856567383,45.02999877929688,38.66524124145508,7343000,0.0,0.0,ICE,ICE
2013-12-19,45.0,45.17599868774414,44.4119987487793,44.5260009765625,38.23247909545898,4231000,0.0,0.0,ICE,ICE
2013-12-20,44.59999847412109,45.14799880981445,44.422000885009766,44.891998291015625,38.5467529296875,12573500,0.0,0.0,ICE,ICE
2013-12-23,45.31399917602539,45.33200073242188,44.78200149536133,45.21200180053711,38.8215217590332,3870000,0.0,0.0,ICE,ICE
2013-12-24,45.20199966430664,45.21599960327149,44.75400161743164,45.20199966430664,38.812931060791016,1404000,0.0,0.0,ICE,ICE
2013-12-26,45.24599838256836,45.41400146484375,44.81600189208984,44.97200012207031,38.61544799804688,1746000,0.0,0.0,ICE,ICE
2013-12-27,44.93600082397461,45.1259994506836,44.7239990234375,44.948001861572266,38.59483337402344,2186000,0.0,0.0,ICE,ICE
2013-12-30,45.07600021362305,45.13999938964844,44.37799835205078,44.70399856567383,38.38533020019531,1718000,0.0,0.0,ICE,ICE
2013-12-31,44.70000076293945,45.178001403808594,44.4900016784668,44.98400115966797,38.62575149536133,2211000,0.0,0.0,ICE,ICE
2014-01-02,44.83200073242188,45.09799957275391,44.43000030517578,44.91999816894531,38.5707893371582,3833500,0.0,0.0,ICE,ICE
2014-01-03,44.91999816894531,45.391998291015625,44.89400100708008,45.17599868774414,38.79060745239258,4864000,0.0,0.0,ICE,ICE
2014-01-06,45.380001068115234,45.76399993896485,45.20199966430664,45.29199981689453,38.89020538330078,3358500,0.0,0.0,ICE,ICE
2014-01-07,45.76800155639648,45.900001525878906,45.209999084472656,45.56399917602539,39.12376022338867,4283000,0.0,0.0,ICE,ICE
2014-01-08,45.43399810791016,45.641998291015625,44.99800109863281,45.402000427246094,38.98466491699219,3239500,0.0,0.0,ICE,ICE
2014-01-09,45.5880012512207,45.77199935913086,45.400001525878906,45.50600051879883,39.073978424072266,2715000,0.0,0.0,ICE,ICE
2014-01-10,45.290000915527344,45.47600173950195,44.810001373291016,45.06600189208984,38.6961555480957,3007500,0.0,0.0,ICE,ICE
2014-01-13,45.0,45.11199951171875,44.00199890136719,44.10200119018555,37.8684196472168,3104500,0.0,0.0,ICE,ICE
2014-01-14,44.21200180053711,44.26599884033203,43.65599822998047,43.959999084472656,37.7464714050293,4922000,0.0,0.0,ICE,ICE
2014-01-15,43.94200134277344,43.99800109863281,41.66400146484375,42.17599868774414,36.21464538574219,18126000,0.0,0.0,ICE,ICE
2014-01-16,41.7599983215332,42.53200149536133,41.619998931884766,41.86600112915039,35.94847869873047,6980500,0.0,0.0,ICE,ICE
2014-01-17,41.80400085449219,42.0620002746582,41.20600128173828,41.374000549316406,35.5260009765625,8568000,0.0,0.0,ICE,ICE
2014-01-21,41.67599868774414,42.46599960327149,41.52399826049805,41.59999847412109,35.720062255859375,7743000,0.0,0.0,ICE,ICE
2014-01-22,41.83200073242188,42.19599914550781,41.4739990234375,41.99599838256836,36.06009292602539,5814000,0.0,0.0,ICE,ICE
2014-01-23,41.630001068115234,41.79800033569336,41.19599914550781,41.37799835205078,35.52943420410156,5182000,0.0,0.0,ICE,ICE
2014-01-24,41.20000076293945,41.40399932861328,40.86800003051758,40.87200164794922,35.09496307373047,6562000,0.0,0.0,ICE,ICE
2014-01-27,41.64599990844727,41.64599990844727,40.52199935913086,40.63199996948242,34.88887023925781,7131500,0.0,0.0,ICE,ICE
2014-01-28,41.79999923706055,41.79999923706055,40.79999923706055,41.380001068115234,35.53115463256836,4005500,0.0,0.0,ICE,ICE
2014-01-29,40.608001708984375,41.5260009765625,40.608001708984375,40.95600128173828,35.16707992553711,4184500,0.0,0.0,ICE,ICE
2014-01-30,40.20199966430664,41.90999984741211,40.20199966430664,41.86000061035156,35.943302154541016,2909000,0.0,0.0,ICE,ICE
2014-01-31,41.119998931884766,42.04999923706055,41.119998931884766,41.757999420166016,35.8557243347168,4142000,0.0,0.0,ICE,ICE
2014-02-03,41.63600158691406,41.71599960327149,40.59999847412109,40.68999862670898,34.93867492675781,5956500,0.0,0.0,ICE,ICE
2014-02-04,40.624000549316406,41.79999923706055,40.58000183105469,41.77399826049805,35.86946105957031,5225500,0.0,0.0,ICE,ICE
2014-02-05,41.73600006103516,42.10200119018555,41.0,41.512001037597656,35.64449691772461,3559000,0.0,0.0,ICE,ICE
2014-02-06,41.62200164794922,42.11600112915039,41.47600173950195,42.08399963378906,36.135650634765625,4082000,0.0,0.0,ICE,ICE
2014-02-07,42.0359992980957,43.2599983215332,42.0359992980957,43.10599899291992,37.01317596435547,6084000,0.0,0.0,ICE,ICE
2014-02-10,43.119998931884766,43.380001068115234,42.25400161743164,42.422000885009766,36.42586135864258,7185000,0.0,0.0,ICE,ICE
2014-02-11,42.68000030517578,43.39799880981445,42.422000885009766,43.29600143432617,37.17632675170898,6399000,0.0,0.0,ICE,ICE
2014-02-12,43.310001373291016,43.75,42.69400024414063,43.48199844360352,37.336036682128906,5858000,0.0,0.0,ICE,ICE
2014-02-13,43.29199981689453,43.96599960327149,43.14799880981445,43.38199996948242,37.250186920166016,3558500,0.0,0.0,ICE,ICE
2014-02-14,43.25,43.400001525878906,42.64400100708008,42.970001220703125,36.89641952514648,3447500,0.0,0.0,ICE,ICE
2014-02-18,42.97600173950195,43.68999862670898,42.970001220703125,43.38999938964844,37.25704956054688,4050000,0.0,0.0,ICE,ICE
2014-02-19,43.09400177001953,43.2760009765625,42.31600189208984,42.35599899291992,36.36920928955078,4185000,0.0,0.0,ICE,ICE
2014-02-20,42.48199844360352,42.66600036621094,41.93000030517578,42.04999923706055,36.10644912719727,3335500,0.0,0.0,ICE,ICE
2014-02-21,42.27399826049805,42.7859992980957,42.01599884033203,42.58200073242188,36.56325912475586,4760000,0.0,0.0,ICE,ICE
2014-02-24,42.53400039672852,43.27999877929688,42.45399856567383,43.06399917602539,36.97712707519531,3430000,0.0,0.0,ICE,ICE
2014-02-25,42.93000030517578,43.44200134277344,42.65800094604492,42.84600067138672,36.78993988037109,3460500,0.0,0.0,ICE,ICE
2014-02-26,43.04600143432617,43.05400085449219,41.73400115966797,41.77799987792969,35.87289810180664,5333500,0.0,0.0,ICE,ICE
2014-02-27,42.69200134277344,42.69200134277344,41.25,41.81600189208984,35.905517578125,4375500,0.0,0.0,ICE,ICE
2014-02-28,41.854000091552734,42.34400177001953,41.53799819946289,41.76800155639648,35.86432266235352,3740000,0.0,0.0,ICE,ICE
2014-03-03,41.48199844360352,42.124000549316406,41.34199905395508,41.99599838256836,36.06009292602539,3868500,0.0,0.0,ICE,ICE
2014-03-04,42.30400085449219,43.07799911499024,42.25400161743164,42.98400115966797,36.908447265625,2778500,0.0,0.0,ICE,ICE
2014-03-05,42.91600036621094,43.21599960327149,42.53400039672852,42.77999877929688,36.73326110839844,3687000,0.0,0.0,ICE,ICE
2014-03-06,42.90999984741211,43.86800003051758,42.90999984741211,42.99399948120117,36.917022705078125,5162500,0.0,0.0,ICE,ICE
2014-03-07,43.14599990844727,43.242000579833984,42.40800094604492,42.52799987792969,36.51689910888672,4726500,0.0,0.0,ICE,ICE
2014-03-10,42.52000045776367,42.56600189208984,41.91400146484375,42.055999755859375,36.11161422729492,2993000,0.0,0.0,ICE,ICE
2014-03-11,42.380001068115234,42.380001068115234,41.53799819946289,41.68999862670898,35.79734420776367,3448000,0.0,0.0,ICE,ICE
2014-03-12,41.59000015258789,41.88399887084961,41.20800018310547,41.82799911499024,35.91583251953125,2843500,0.0,0.0,ICE,ICE
2014-03-13,41.83399963378906,41.902000427246094,40.6879997253418,40.810001373291016,35.15096664428711,3518000,0.13,0.0,ICE,ICE
2014-03-14,40.80400085449219,41.20000076293945,40.59999847412109,40.98600006103516,35.302574157714844,3928000,0.0,0.0,ICE,ICE
2014-03-17,41.20000076293945,41.900001525878906,41.152000427246094,41.83200073242188,36.03125,3482500,0.0,0.0,ICE,ICE
2014-03-18,41.83200073242188,41.83200073242188,41.130001068115234,41.1879997253418,35.47654724121094,4118000,0.0,0.0,ICE,ICE
2014-03-19,41.15399932861328,41.32600021362305,40.56600189208984,40.69599914550781,35.05276107788086,5113000,0.0,0.0,ICE,ICE
2014-03-20,40.810001373291016,41.08599853515625,40.38800048828125,40.68199920654297,35.040714263916016,4548000,0.0,0.0,ICE,ICE
2014-03-21,41.2400016784668,41.54999923706055,40.77000045776367,40.77000045776367,35.11652374267578,11172500,0.0,0.0,ICE,ICE
2014-03-24,40.68399810791016,41.03400039672852,40.68399810791016,40.75400161743164,35.10273742675781,4840000,0.0,0.0,ICE,ICE
2014-03-25,40.84400177001953,40.99599838256836,39.94200134277344,39.99599838256836,34.44984436035156,6375500,0.0,0.0,ICE,ICE
2014-03-26,40.06800079345703,40.448001861572266,39.86199951171875,39.89400100708008,34.362003326416016,4237500,0.0,0.0,ICE,ICE
2014-03-27,39.97200012207031,40.09999847412109,39.108001708984375,39.88399887084961,34.35337448120117,5386000,0.0,0.0,ICE,ICE
2014-03-28,39.98400115966797,40.05400085449219,39.06800079345703,39.23400115966797,33.79352188110352,6475500,0.0,0.0,ICE,ICE
2014-03-31,39.33599853515625,40.22200012207031,39.2760009765625,39.56600189208984,34.079471588134766,9161500,0.0,0.0,ICE,ICE
2014-04-01,39.51800155639648,39.61000061035156,38.448001861572266,38.62799835205078,33.27153396606445,8806500,0.0,0.0,ICE,ICE
2014-04-02,38.6879997253418,40.27999877929688,38.6879997253418,40.05799865722656,34.50324630737305,8214000,0.0,0.0,ICE,ICE
2014-04-03,40.90800094604492,41.04600143432617,40.11600112915039,40.43600082397461,34.82884216308594,7721500,0.0,0.0,ICE,ICE
2014-04-04,40.46799850463867,40.667999267578125,39.28400039672852,39.310001373291016,33.85897445678711,7079000,0.0,0.0,ICE,ICE
2014-04-07,39.29199981689453,39.34999847412109,38.43600082397461,38.45399856567383,33.12166976928711,6929500,0.0,0.0,ICE,ICE
2014-04-08,38.51599884033203,38.79600143432617,38.04399871826172,38.38399887084961,33.061378479003906,5008000,0.0,0.0,ICE,ICE
2014-04-09,38.40999984741211,38.83200073242188,38.29399871826172,38.540000915527344,33.195743560791016,3669000,0.0,0.0,ICE,ICE
2014-04-10,38.56600189208984,38.78200149536133,37.81800079345703,38.10200119018555,32.8184814453125,4712500,0.0,0.0,ICE,ICE
2014-04-11,37.81800079345703,38.23799896240234,37.65999984741211,37.82600021362305,32.58075714111328,4214000,0.0,0.0,ICE,ICE
2014-04-14,37.93999862670898,38.42599868774414,37.75600051879883,38.30400085449219,32.99247741699219,4331000,0.0,0.0,ICE,ICE
2014-04-15,38.310001373291016,39.34400177001953,38.25199890136719,38.77000045776367,33.39384841918945,5369000,0.0,0.0,ICE,ICE
2014-04-16,38.91999816894531,39.678001403808594,38.790000915527344,39.60599899291992,34.11393356323242,5117500,0.0,0.0,ICE,ICE
2014-04-17,39.512001037597656,39.78400039672852,39.172000885009766,39.65399932861328,34.1552734375,3164500,0.0,0.0,ICE,ICE
2014-04-21,39.58000183105469,40.13800048828125,39.257999420166016,40.11800003051758,34.554931640625,2650500,0.0,0.0,ICE,ICE
2014-04-22,40.07600021362305,40.970001220703125,39.7599983215332,40.76599884033203,35.113075256347656,4071500,0.0,0.0,ICE,ICE
2014-04-23,40.74599838256836,41.2140007019043,40.24599838256836,40.858001708984375,35.19231414794922,5241500,0.0,0.0,ICE,ICE
2014-04-24,40.88999938964844,41.24599838256836,40.540000915527344,41.15399932861328,35.447261810302734,4121000,0.0,0.0,ICE,ICE
2014-04-25,41.06600189208984,41.150001525878906,40.38600158691406,40.4900016784668,34.87535095214844,3830500,0.0,0.0,ICE,ICE
2014-04-28,40.61800003051758,40.64799880981445,39.928001403808594,40.31800079345703,34.727195739746094,4508000,0.0,0.0,ICE,ICE
2014-04-29,40.512001037597656,40.7599983215332,40.21599960327149,40.66999816894531,35.03038787841797,3401000,0.0,0.0,ICE,ICE
2014-04-30,40.71599960327149,40.98799896240234,40.321998596191406,40.88800048828125,35.218162536621094,3212000,0.0,0.0,ICE,ICE
2014-05-01,40.95600128173828,41.20000076293945,40.70399856567383,41.09600067138672,35.397315979003906,2665000,0.0,0.0,ICE,ICE
2014-05-02,41.167999267578125,41.400001525878906,40.41999816894531,40.459999084472656,34.84950256347656,3130500,0.0,0.0,ICE,ICE
2014-05-05,40.34999847412109,40.56600189208984,39.858001708984375,40.45399856567383,34.844337463378906,2859000,0.0,0.0,ICE,ICE
2014-05-06,40.22999954223633,40.33200073242188,39.58200073242188,39.641998291015625,34.14493942260742,3668500,0.0,0.0,ICE,ICE
2014-05-07,39.73400115966797,40.417999267578125,39.512001037597656,40.34999847412109,34.75475311279297,5052500,0.0,0.0,ICE,ICE
2014-05-08,39.650001525878906,39.650001525878906,38.167999267578125,38.428001403808594,33.09926986694336,15803000,0.0,0.0,ICE,ICE
2014-05-09,38.374000549316406,38.459999084472656,37.380001068115234,37.64599990844727,32.42570877075195,13982000,0.0,0.0,ICE,ICE
2014-05-12,37.72800064086914,38.33399963378906,37.72800064086914,38.27199935913086,32.96490478515625,5364500,0.0,0.0,ICE,ICE
2014-05-13,38.242000579833984,38.391998291015625,37.98600006103516,38.16400146484375,32.87189102172852,3025000,0.0,0.0,ICE,ICE
2014-05-14,38.16400146484375,38.40599822998047,37.82600021362305,38.36600112915039,33.045867919921875,3740000,0.0,0.0,ICE,ICE
2014-05-15,38.2400016784668,38.36600112915039,37.448001861572266,37.81399917602539,32.570404052734375,6375000,0.0,0.0,ICE,ICE
2014-05-16,37.81399917602539,37.90599822998047,37.41999816894531,37.70199966430664,32.47394943237305,4882500,0.0,0.0,ICE,ICE
2014-05-19,37.44200134277344,38.35200119018555,37.38399887084961,38.3120002746582,32.999359130859375,3673500,0.0,0.0,ICE,ICE
2014-05-20,38.26599884033203,38.29399871826172,37.44400024414063,37.57600021362305,32.36541748046875,4298000,0.0,0.0,ICE,ICE
2014-05-21,37.72800064086914,38.540000915527344,37.60599899291992,38.4379997253418,33.107887268066406,3449500,0.0,0.0,ICE,ICE
2014-05-22,38.38999938964844,38.99399948120117,38.24399948120117,38.77000045776367,33.39384841918945,2892000,0.0,0.0,ICE,ICE
2014-05-23,38.72200012207031,38.72200012207031,38.17399978637695,38.53400039672852,33.190582275390625,2888500,0.0,0.0,ICE,ICE
2014-05-27,38.70000076293945,39.72200012207031,38.51800155639648,39.47800064086914,34.003684997558594,4146500,0.0,0.0,ICE,ICE
2014-05-28,39.36000061035156,39.38600158691406,38.83000183105469,39.15999984741211,33.729774475097656,2843000,0.0,0.0,ICE,ICE
2014-05-29,39.374000549316406,39.374000549316406,38.869998931884766,39.0,33.59195327758789,3231000,0.0,0.0,ICE,ICE
2014-05-30,39.0,39.51399993896485,38.91400146484375,39.27999877929688,33.833126068115234,4207500,0.0,0.0,ICE,ICE
2014-06-02,39.400001525878906,39.417999267578125,38.6619987487793,38.8380012512207,33.45243835449219,3358000,0.0,0.0,ICE,ICE
2014-06-03,38.805999755859375,39.32600021362305,38.75199890136719,38.959999084472656,33.557491302490234,3875500,0.0,0.0,ICE,ICE
2014-06-04,38.790000915527344,38.98400115966797,38.31999969482422,38.56800079345703,33.21986770629883,4771000,0.0,0.0,ICE,ICE
2014-06-05,38.52399826049805,38.555999755859375,37.64599990844727,38.08399963378906,32.802974700927734,6726000,0.0,0.0,ICE,ICE
2014-06-06,38.20000076293945,38.28400039672852,37.83200073242188,38.0099983215332,32.73923873901367,2996000,0.0,0.0,ICE,ICE
2014-06-09,37.902000427246094,38.25,37.72800064086914,37.78200149536133,32.54285430908203,4880000,0.0,0.0,ICE,ICE
2014-06-10,37.61199951171875,38.08200073242188,37.59999847412109,38.02399826049805,32.75129699707031,5450000,0.0,0.0,ICE,ICE
2014-06-11,37.99800109863281,37.99800109863281,37.400001525878906,37.667999267578125,32.44465255737305,3882000,0.0,0.0,ICE,ICE
2014-06-12,37.52000045776367,38.624000549316406,37.4640007019043,38.40399932861328,33.19316101074219,5386500,0.13,0.0,ICE,ICE
2014-06-13,38.39400100708008,38.72600173950195,38.2599983215332,38.652000427246094,33.40750503540039,3651500,0.0,0.0,ICE,ICE
2014-06-16,38.68999862670898,38.8380012512207,38.29600143432617,38.50400161743164,33.27959060668945,2484000,0.0,0.0,ICE,ICE
2014-06-17,38.52199935913086,39.04800033569336,38.34600067138672,38.93199920654297,33.64952850341797,4204500,0.0,0.0,ICE,ICE
2014-06-18,38.84999847412109,39.77799987792969,38.78400039672852,39.63600158691406,34.257999420166016,5349000,0.0,0.0,ICE,ICE
2014-06-19,40.59999847412109,40.59999847412109,38.92399978637695,39.391998291015625,34.0471076965332,4813500,0.0,0.0,ICE,ICE
2014-06-20,39.58599853515625,39.58599853515625,38.67399978637695,38.97200012207031,33.68408966064453,6216500,0.0,0.0,ICE,ICE
2014-06-23,38.948001861572266,39.69599914550781,38.7239990234375,39.63800048828125,34.25971984863281,3242000,0.0,0.0,ICE,ICE
2014-06-24,38.821998596191406,39.01599884033203,37.94200134277344,38.0359992980957,32.875091552734375,9334500,0.0,0.0,ICE,ICE
2014-06-25,38.04999923706055,38.23600006103516,37.43399810791016,37.58599853515625,32.486141204833984,5255500,0.0,0.0,ICE,ICE
2014-06-26,37.5260009765625,37.89400100708008,37.49599838256836,37.84999847412109,32.71432113647461,2843000,0.0,0.0,ICE,ICE
2014-06-27,37.68199920654297,37.97999954223633,37.13999938964844,37.58599853515625,32.486141204833984,4859000,0.0,0.0,ICE,ICE
2014-06-30,37.6619987487793,38.02199935913086,37.608001708984375,37.77999877929688,32.65382766723633,4153000,0.0,0.0,ICE,ICE
2014-07-01,37.96799850463867,38.13399887084961,37.23400115966797,37.26399993896485,32.20783615112305,4638500,0.0,0.0,ICE,ICE
2014-07-02,37.29800033569336,37.630001068115234,37.13999938964844,37.54399871826172,32.44984817504883,4284500,0.0,0.0,ICE,ICE
2014-07-03,37.69599914550781,38.19400024414063,37.69599914550781,38.05799865722656,32.894100189208984,2572500,0.0,0.0,ICE,ICE
2014-07-07,38.060001373291016,38.060001373291016,37.68999862670898,37.88199996948242,32.74199676513672,2819500,0.0,0.0,ICE,ICE
2014-07-08,37.84999847412109,37.84999847412109,36.91400146484375,37.07799911499024,32.047088623046875,4807500,0.0,0.0,ICE,ICE
2014-07-09,37.09999847412109,37.42599868774414,36.85599899291992,37.38199996948242,32.30982971191406,4006000,0.0,0.0,ICE,ICE
2014-07-10,36.95399856567383,37.07799911499024,36.47999954223633,36.68999862670898,31.71171188354492,3868500,0.0,0.0,ICE,ICE
2014-07-11,36.71200180053711,36.93000030517578,36.5620002746582,36.880001068115234,31.87592887878418,6485000,0.0,0.0,ICE,ICE
2014-07-14,37.19200134277344,37.50400161743164,37.007999420166016,37.30199813842773,32.24068832397461,3281000,0.0,0.0,ICE,ICE
2014-07-15,37.220001220703125,37.698001861572266,37.1619987487793,37.5099983215332,32.42046356201172,3823500,0.0,0.0,ICE,ICE
2014-07-16,37.54800033569336,37.85200119018555,37.54800033569336,37.76599884033203,32.641727447509766,4780500,0.0,0.0,ICE,ICE
2014-07-17,37.62200164794922,38.28799819946289,37.62200164794922,38.24399948120117,33.05487060546875,6490000,0.0,0.0,ICE,ICE
2014-07-18,38.31999969482422,39.34799957275391,38.220001220703125,38.87200164794922,33.59765625,8509000,0.0,0.0,ICE,ICE
2014-07-21,38.61000061035156,39.34400177001953,38.512001037597656,39.2859992980957,33.95549774169922,5572500,0.0,0.0,ICE,ICE
2014-07-22,38.89400100708008,39.84199905395508,38.84999847412109,39.79600143432617,34.39628601074219,6724500,0.0,0.0,ICE,ICE
2014-07-23,39.68199920654297,39.83399963378906,39.15599822998047,39.50400161743164,34.14390563964844,5005000,0.0,0.0,ICE,ICE
2014-07-24,39.48600006103516,39.48600006103516,39.0880012512207,39.19200134277344,33.874244689941406,5126000,0.0,0.0,ICE,ICE
2014-07-25,39.19200134277344,39.50600051879883,39.13600158691406,39.34799957275391,34.009071350097656,5425500,0.0,0.0,ICE,ICE
2014-07-28,39.26599884033203,39.43000030517578,38.8120002746582,39.198001861572266,33.87942123413086,5808500,0.0,0.0,ICE,ICE
2014-07-29,39.24399948120117,39.71799850463867,39.01599884033203,39.07799911499024,33.775718688964844,4759000,0.0,0.0,ICE,ICE
2014-07-30,39.310001373291016,39.36000061035156,38.96599960327149,39.2140007019043,33.89325714111328,3605000,0.0,0.0,ICE,ICE
2014-07-31,39.06600189208984,39.24599838256836,38.43199920654297,38.44400024414063,33.227725982666016,4440500,0.0,0.0,ICE,ICE
2014-08-01,38.402000427246094,38.66600036621094,38.10200119018555,38.43600082397461,33.220821380615234,3880500,0.0,0.0,ICE,ICE
2014-08-04,38.54800033569336,38.89400100708008,38.38199996948242,38.790000915527344,33.52678680419922,3458000,0.0,0.0,ICE,ICE
2014-08-05,38.54800033569336,38.59000015258789,38.23199844360352,38.23199844360352,33.044490814208984,4034000,0.0,0.0,ICE,ICE
2014-08-06,38.16600036621094,38.948001861572266,38.07400131225586,38.44400024414063,33.227725982666016,3935000,0.0,0.0,ICE,ICE
2014-08-07,38.555999755859375,38.60599899291992,37.2140007019043,37.66999816894531,32.55875396728516,7279500,0.0,0.0,ICE,ICE
2014-08-08,37.79999923706055,38.31399917602539,37.470001220703125,38.27000045776367,33.077335357666016,5131000,0.0,0.0,ICE,ICE
2014-08-11,38.448001861572266,38.59999847412109,37.81600189208984,37.869998931884766,32.73162078857422,3510000,0.0,0.0,ICE,ICE
2014-08-12,37.6879997253418,37.92599868774414,37.34400177001953,37.56800079345703,32.47058868408203,2642500,0.0,0.0,ICE,ICE
2014-08-13,37.62799835205078,37.80799865722656,37.39799880981445,37.54399871826172,32.44984817504883,3008000,0.0,0.0,ICE,ICE
2014-08-14,37.678001403808594,37.89799880981445,37.630001068115234,37.86199951171875,32.72471237182617,2694000,0.0,0.0,ICE,ICE
2014-08-15,37.98600006103516,37.98600006103516,37.34000015258789,37.52000045776367,32.42911529541016,3548500,0.0,0.0,ICE,ICE
2014-08-18,37.82799911499024,38.05400085449219,37.81600189208984,38.0,32.84397888183594,3192000,0.0,0.0,ICE,ICE
2014-08-19,37.93399810791016,37.96799850463867,37.055999755859375,37.13800048828125,32.09892272949219,5475000,0.0,0.0,ICE,ICE
2014-08-20,37.10599899291992,37.44599914550781,37.071998596191406,37.38199996948242,32.30982971191406,3645500,0.0,0.0,ICE,ICE
2014-08-21,37.38399887084961,37.72999954223633,37.104000091552734,37.7140007019043,32.596778869628906,4654000,0.0,0.0,ICE,ICE
2014-08-22,37.59600067138672,37.97200012207031,37.55799865722656,37.81999969482422,32.68840789794922,2437000,0.0,0.0,ICE,ICE
2014-08-25,37.99599838256836,38.0359992980957,37.83599853515625,37.91400146484375,32.76963806152344,2944500,0.0,0.0,ICE,ICE
2014-08-26,37.86600112915039,38.01599884033203,37.7140007019043,37.87799835205078,32.73854064941406,4281500,0.0,0.0,ICE,ICE
2014-08-27,37.93600082397461,38.04999923706055,37.33399963378906,37.63399887084961,32.52763366699219,3999500,0.0,0.0,ICE,ICE
2014-08-28,37.49800109863281,37.80400085449219,37.48400115966797,37.73799896240234,32.61751937866211,3380500,0.0,0.0,ICE,ICE
2014-08-29,37.81800079345703,38.0,37.69400024414063,37.79999923706055,32.671112060546875,2873000,0.0,0.0,ICE,ICE
2014-09-02,37.9900016784668,38.02399826049805,37.43199920654297,37.65999984741211,32.55011749267578,3023000,0.0,0.0,ICE,ICE
2014-09-03,37.7760009765625,37.959999084472656,36.98799896240234,37.06800079345703,32.038429260253906,3247500,0.0,0.0,ICE,ICE
2014-09-04,36.922000885009766,37.470001220703125,36.922000885009766,37.124000549316406,32.08683013916016,3307000,0.0,0.0,ICE,ICE
2014-09-05,37.09999847412109,37.358001708984375,36.854000091552734,37.33399963378906,32.26833724975586,4384500,0.0,0.0,ICE,ICE
2014-09-08,37.20000076293945,37.63199996948242,37.20000076293945,37.48799896240234,32.40143585205078,3233000,0.0,0.0,ICE,ICE
2014-09-09,37.45800018310547,37.922000885009766,37.32799911499024,37.43199920654297,32.35302734375,4205500,0.0,0.0,ICE,ICE
2014-09-10,37.650001525878906,38.13800048828125,37.50600051879883,38.04999923706055,32.88718032836914,4653500,0.0,0.0,ICE,ICE
2014-09-11,37.900001525878906,38.09199905395508,37.71200180053711,38.06800079345703,32.90274429321289,3741500,0.0,0.0,ICE,ICE
2014-09-12,37.93399810791016,39.40999984741211,37.874000549316406,38.93600082397461,33.76829528808594,6868500,0.13,0.0,ICE,ICE
2014-09-15,38.80799865722656,39.20000076293945,38.70800018310547,39.11199951171875,33.920928955078125,6613500,0.0,0.0,ICE,ICE
2014-09-16,38.86000061035156,39.53799819946289,38.66600036621094,39.36199951171875,34.137752532958984,4145500,0.0,0.0,ICE,ICE
2014-09-17,39.417999267578125,40.42399978637695,39.36000061035156,40.36600112915039,35.00850296020508,8601500,0.0,0.0,ICE,ICE
2014-09-18,40.4900016784668,41.0260009765625,40.40599822998047,40.810001373291016,35.3935661315918,7145500,0.0,0.0,ICE,ICE
2014-09-19,41.007999420166016,41.007999420166016,40.46200180053711,40.7599983215332,35.3502082824707,4374500,0.0,0.0,ICE,ICE
2014-09-22,40.72999954223633,40.75600051879883,39.97600173950195,40.152000427246094,34.82290267944336,3631500,0.0,0.0,ICE,ICE
2014-09-23,40.012001037597656,40.31399917602539,39.78799819946289,39.902000427246094,34.6060676574707,2806000,0.0,0.0,ICE,ICE
2014-09-24,39.86800003051758,40.02999877929688,39.641998291015625,39.810001373291016,34.526309967041016,3923500,0.0,0.0,ICE,ICE
2014-09-25,39.720001220703125,39.84799957275391,39.02799987792969,39.1259994506836,33.93307113647461,3324500,0.0,0.0,ICE,ICE
2014-09-26,39.1259994506836,39.400001525878906,38.88999938964844,39.29399871826172,34.07876968383789,2781500,0.0,0.0,ICE,ICE
2014-09-29,39.05199813842773,39.15399932861328,38.86199951171875,39.040000915527344,33.858489990234375,3201000,0.0,0.0,ICE,ICE
2014-09-30,39.13800048828125,39.23799896240234,38.81999969482422,39.0099983215332,33.83245849609375,2783000,0.0,0.0,ICE,ICE
2014-10-01,39.0099983215332,39.06600189208984,38.68399810791016,38.81600189208984,33.66422653198242,3449000,0.0,0.0,ICE,ICE
2014-10-02,39.13600158691406,39.83200073242188,39.06800079345703,39.54600143432617,34.29732894897461,4957000,0.0,0.0,ICE,ICE
2014-10-03,39.69400024414063,40.0,39.400001525878906,39.68399810791016,34.41700744628906,3724000,0.0,0.0,ICE,ICE
2014-10-06,39.84999847412109,40.3759994506836,39.78200149536133,39.81999969482422,34.53496551513672,4785000,0.0,0.0,ICE,ICE
2014-10-07,39.93199920654297,39.98799896240234,39.27199935913086,39.27199935913086,34.05967330932617,2965500,0.0,0.0,ICE,ICE
2014-10-08,39.54399871826172,40.27999877929688,39.45000076293945,40.26800155639648,34.92350006103516,3994500,0.0,0.0,ICE,ICE
2014-10-09,40.20000076293945,40.7599983215332,40.1619987487793,40.60200119018555,35.21317672729492,8520500,0.0,0.0,ICE,ICE
2014-10-10,40.72999954223633,41.63999938964844,40.354000091552734,40.720001220703125,35.31549835205078,7583500,0.0,0.0,ICE,ICE
2014-10-13,40.67599868774414,40.869998931884766,39.71599960327149,39.73199844360352,34.45863723754883,7475500,0.0,0.0,ICE,ICE
2014-10-14,39.71200180053711,40.48799896240234,39.68399810791016,40.2140007019043,34.876678466796875,4698000,0.0,0.0,ICE,ICE
2014-10-15,39.80799865722656,40.75600051879883,39.25,40.57600021362305,35.19062042236328,5956500,0.0,0.0,ICE,ICE
2014-10-16,39.73400115966797,40.560001373291016,39.45000076293945,39.5359992980957,34.288658142089844,5543000,0.0,0.0,ICE,ICE
2014-10-17,39.742000579833984,39.97200012207031,39.02999877929688,39.321998596191406,34.10306930541992,5399500,0.0,0.0,ICE,ICE
2014-10-20,39.47800064086914,40.04399871826172,39.25,39.97600173950195,34.67026138305664,3160500,0.0,0.0,ICE,ICE
2014-10-21,40.15999984741211,40.23799896240234,39.53799819946289,39.900001525878906,34.604347229003906,4734500,0.0,0.0,ICE,ICE
2014-10-22,39.7760009765625,40.03400039672852,39.374000549316406,39.74599838256836,34.470787048339844,2519000,0.0,0.0,ICE,ICE
2014-10-23,40.04800033569336,40.678001403808594,39.891998291015625,40.62799835205078,35.235721588134766,3418000,0.0,0.0,ICE,ICE
2014-10-24,40.672000885009766,41.34600067138672,40.650001525878906,41.31800079345703,35.83414459228516,3524000,0.0,0.0,ICE,ICE
2014-10-27,41.30199813842773,41.4379997253418,40.7859992980957,41.13399887084961,35.674564361572266,2123500,0.0,0.0,ICE,ICE
2014-10-28,41.16600036621094,41.31999969482422,40.73600006103516,41.08200073242188,35.62946701049805,2290000,0.0,0.0,ICE,ICE
2014-10-29,40.99599838256836,41.25400161743164,40.619998931884766,41.18600082397461,35.719669342041016,2409000,0.0,0.0,ICE,ICE
2014-10-30,41.05199813842773,41.220001220703125,40.52000045776367,40.74599838256836,35.33806610107422,2953500,0.0,0.0,ICE,ICE
2014-10-31,40.91400146484375,41.65999984741211,40.91400146484375,41.65800094604492,36.129005432128906,3601500,0.0,0.0,ICE,ICE
2014-11-03,41.68999862670898,42.22999954223633,41.68999862670898,41.95800018310547,36.38920211791992,5635000,0.0,0.0,ICE,ICE
2014-11-04,42.03200149536133,43.54399871826172,41.68999862670898,43.50400161743164,37.7300033569336,7890000,0.0,0.0,ICE,ICE
2014-11-05,43.667999267578125,43.992000579833984,43.24800109863281,43.48400115966797,37.71267318725586,6165500,0.0,0.0,ICE,ICE
2014-11-06,43.23799896240234,44.04999923706055,43.23799896240234,43.98400115966797,38.14629364013672,4463000,0.0,0.0,ICE,ICE
2014-11-07,44.09199905395508,44.09199905395508,43.650001525878906,43.70800018310547,37.90694046020508,3727500,0.0,0.0,ICE,ICE
2014-11-10,43.59999847412109,43.88999938964844,42.869998931884766,43.86600112915039,38.04395294189453,3919500,0.0,0.0,ICE,ICE
2014-11-11,43.84600067138672,44.290000915527344,43.81600189208984,44.24800109863281,38.37527847290039,3190000,0.0,0.0,ICE,ICE
2014-11-12,44.23199844360352,44.400001525878906,44.07799911499024,44.2400016784668,38.36832809448242,4218000,0.0,0.0,ICE,ICE
2014-11-13,44.369998931884766,44.709999084472656,44.11000061035156,44.641998291015625,38.71697616577149,3992000,0.0,0.0,ICE,ICE
2014-11-14,44.52999877929688,44.672000885009766,44.26399993896485,44.512001037597656,38.60424041748047,3463500,0.0,0.0,ICE,ICE
2014-11-17,44.3120002746582,44.84799957275391,44.2239990234375,44.43999862670898,38.54177474975586,2262000,0.0,0.0,ICE,ICE
2014-11-18,44.43999862670898,44.70199966430664,43.96599960327149,43.9900016784668,38.15150451660156,3317500,0.0,0.0,ICE,ICE
2014-11-19,44.20600128173828,44.24800109863281,43.81999969482422,44.14400100708008,38.28507232666016,2471500,0.0,0.0,ICE,ICE
2014-11-20,43.900001525878906,44.18399810791016,43.79999923706055,43.970001220703125,38.1341552734375,2662500,0.0,0.0,ICE,ICE
2014-11-21,44.25,44.448001861572266,43.8759994506836,44.05799865722656,38.21048355102539,3354000,0.0,0.0,ICE,ICE
2014-11-24,44.16600036621094,44.63800048828125,43.880001068115234,44.34400177001953,38.45853805541992,3979500,0.0,0.0,ICE,ICE
2014-11-25,44.25400161743164,44.47800064086914,43.90999984741211,44.21599960327149,38.34749984741211,2830500,0.0,0.0,ICE,ICE
2014-11-26,44.0,44.220001220703125,43.83200073242188,44.16400146484375,38.30240631103516,2785500,0.0,0.0,ICE,ICE
2014-11-28,44.38999938964844,45.33200073242188,44.07400131225586,45.198001861572266,39.199180603027344,2720000,0.0,0.0,ICE,ICE
2014-12-01,45.20199966430664,45.220001220703125,44.64599990844727,44.76399993896485,38.82278060913086,2721500,0.0,0.0,ICE,ICE
2014-12-02,44.902000427246094,45.17399978637695,44.69599914550781,44.94599914550781,38.98062515258789,2796000,0.0,0.0,ICE,ICE
2014-12-03,44.85599899291992,45.3120002746582,44.75199890136719,45.26599884033203,39.25815582275391,3474000,0.0,0.0,ICE,ICE
2014-12-04,45.3120002746582,45.54199981689453,45.04999923706055,45.40999984741211,39.38304901123047,2818500,0.0,0.0,ICE,ICE
2014-12-05,44.99599838256836,45.757999420166016,44.77000045776367,44.95399856567383,38.98756408691406,3951500,0.0,0.0,ICE,ICE
2014-12-08,44.869998931884766,45.417999267578125,44.650001525878906,45.167999267578125,39.17316436767578,2776500,0.0,0.0,ICE,ICE
2014-12-09,45.02000045776367,45.04399871826172,44.45399856567383,44.89400100708008,38.93552780151367,4748000,0.0,0.0,ICE,ICE
2014-12-10,44.88600158691406,45.06800079345703,44.59199905395508,44.61000061035156,38.68922424316406,3708500,0.0,0.0,ICE,ICE
2014-12-11,44.79399871826172,45.34999847412109,44.79399871826172,45.09000015258789,39.10551071166992,5927000,0.0,0.0,ICE,ICE
2014-12-12,44.72200012207031,45.108001708984375,43.78200149536133,43.81800079345703,38.112213134765625,3837000,0.13,0.0,ICE,ICE
2014-12-15,43.88399887084961,44.38399887084961,43.67599868774414,43.89599990844727,38.18006134033203,3735500,0.0,0.0,ICE,ICE
2014-12-16,43.84999847412109,43.84999847412109,42.93999862670898,42.99399948120117,37.39552307128906,5262000,0.0,0.0,ICE,ICE
2014-12-17,43.19599914550781,44.43600082397461,43.02399826049805,44.31800079345703,38.547122955322266,4444000,0.0,0.0,ICE,ICE
2014-12-18,44.45199966430664,44.80199813842773,44.33599853515625,44.79800033569336,38.96461486816406,3213500,0.0,0.0,ICE,ICE
2014-12-19,45.14799880981445,45.33599853515625,43.95399856567383,44.32400131225586,38.55233383178711,7756000,0.0,0.0,ICE,ICE
2014-12-22,44.29600143432617,45.14599990844727,44.29600143432617,45.01800155639648,39.15596771240234,4237000,0.0,0.0,ICE,ICE
2014-12-23,45.0880012512207,45.53799819946289,44.64599990844727,44.68600082397461,38.86719512939453,3804500,0.0,0.0,ICE,ICE
2014-12-24,44.73400115966797,45.0880012512207,44.30400085449219,44.34600067138672,38.57146835327149,1460000,0.0,0.0,ICE,ICE
2014-12-26,44.46799850463867,44.79199981689453,44.04199981689453,44.3759994506836,38.59756851196289,2265000,0.0,0.0,ICE,ICE
2014-12-29,44.4739990234375,44.8380012512207,44.29800033569336,44.42599868774414,38.641056060791016,1892500,0.0,0.0,ICE,ICE
2014-12-30,44.400001525878906,44.61800003051758,44.27999877929688,44.358001708984375,38.58190155029297,2118000,0.0,0.0,ICE,ICE
2014-12-31,44.422000885009766,44.55199813842773,43.858001708984375,43.858001708984375,38.14701461791992,1710000,0.0,0.0,ICE,ICE
2015-01-02,44.07799911499024,44.152000427246094,43.15999984741211,43.52799987792969,37.85997772216797,2868000,0.0,0.0,ICE,ICE
2015-01-05,43.400001525878906,44.167999267578125,43.22999954223633,43.76599884033203,38.06699752807617,5274000,0.0,0.0,ICE,ICE
2015-01-06,43.91600036621094,44.15599822998047,42.709999084472656,43.13999938964844,37.52250671386719,6890000,0.0,0.0,ICE,ICE
2015-01-07,43.29399871826172,43.790000915527344,42.762001037597656,43.75,38.05306625366211,14759000,0.0,0.0,ICE,ICE
2015-01-08,43.95000076293945,44.72800064086914,43.95000076293945,44.29999923706055,38.53144454956055,4232000,0.0,0.0,ICE,ICE
2015-01-09,44.358001708984375,44.77000045776367,44.11800003051758,44.32600021362305,38.5540657043457,2918000,0.0,0.0,ICE,ICE
2015-01-12,44.257999420166016,44.428001403808594,42.99599838256836,43.16600036621094,37.54511642456055,4094500,0.0,0.0,ICE,ICE
2015-01-13,43.38199996948242,43.90800094604492,41.75199890136719,41.900001525878906,36.44398880004883,8880500,0.0,0.0,ICE,ICE
2015-01-14,41.4640007019043,42.04800033569336,41.2239990234375,41.59999847412109,36.18304061889648,6398000,0.0,0.0,ICE,ICE
2015-01-15,41.59999847412109,41.854000091552734,41.10599899291992,41.13600158691406,35.77946090698242,5820000,0.0,0.0,ICE,ICE
2015-01-16,41.04800033569336,41.900001525878906,40.89799880981445,41.880001068115234,36.42658615112305,4470000,0.0,0.0,ICE,ICE
2015-01-20,42.11600112915039,42.38999938964844,41.34199905395508,41.59400177001953,36.17780685424805,3806000,0.0,0.0,ICE,ICE
2015-01-21,41.44599914550781,41.84199905395508,41.11399841308594,41.3120002746582,35.93253326416016,2981000,0.0,0.0,ICE,ICE
2015-01-22,41.36199951171875,42.91600036621094,41.25,42.8380012512207,37.25984191894531,5812500,0.0,0.0,ICE,ICE
2015-01-23,43.007999420166016,43.57400131225586,42.7760009765625,43.34199905395508,37.698184967041016,4465500,0.0,0.0,ICE,ICE
2015-01-26,43.040000915527344,43.57600021362305,42.810001373291016,43.54999923706055,37.87911224365234,2300000,0.0,0.0,ICE,ICE
2015-01-27,43.05199813842773,43.40599822998047,42.49800109863281,42.540000915527344,37.000633239746094,3763500,0.0,0.0,ICE,ICE
2015-01-28,42.51599884033203,42.70800018310547,41.07600021362305,41.0880012512207,35.73770523071289,5297000,0.0,0.0,ICE,ICE
2015-01-29,41.04999923706055,41.20000076293945,40.448001861572266,40.9739990234375,35.6385498046875,6674500,0.0,0.0,ICE,ICE
2015-01-30,40.650001525878906,41.79199981689453,40.55799865722656,41.14599990844727,35.78815078735352,5097500,0.0,0.0,ICE,ICE
2015-02-02,41.41600036621094,41.72200012207031,41.11399841308594,41.68199920654297,36.25436401367188,3344500,0.0,0.0,ICE,ICE
2015-02-03,41.71799850463867,42.31399917602539,41.71799850463867,42.27399826049805,36.7692756652832,2689500,0.0,0.0,ICE,ICE
2015-02-04,42.09000015258789,43.23400115966797,42.09000015258789,43.0,37.40073394775391,5298000,0.0,0.0,ICE,ICE
2015-02-05,43.14799880981445,45.22200012207031,43.14599990844727,45.16999816894531,39.28816604614258,6867000,0.0,0.0,ICE,ICE
2015-02-06,45.34799957275391,46.198001861572266,45.34600067138672,45.74399948120117,39.78742599487305,5489500,0.0,0.0,ICE,ICE
2015-02-09,45.56600189208984,46.38999938964844,45.5,45.805999755859375,39.84135055541992,3153500,0.0,0.0,ICE,ICE
2015-02-10,45.93600082397461,46.34000015258789,45.762001037597656,46.2599983215332,40.23623275756836,3033500,0.0,0.0,ICE,ICE
2015-02-11,46.17599868774414,46.52799987792969,46.01399993896485,46.36800003051758,40.33018493652344,2691000,0.0,0.0,ICE,ICE
2015-02-12,46.354000091552734,46.97600173950195,46.23600006103516,46.88600158691406,40.780723571777344,2517000,0.0,0.0,ICE,ICE
2015-02-13,46.97600173950195,47.07400131225586,46.60599899291992,46.64400100708008,40.57022476196289,2324000,0.0,0.0,ICE,ICE
2015-02-17,46.71799850463867,47.13999938964844,46.55199813842773,46.96200180053711,40.84682846069336,2549000,0.0,0.0,ICE,ICE
2015-02-18,46.84999847412109,47.12200164794922,46.56399917602539,46.95399856567383,40.83987808227539,2500500,0.0,0.0,ICE,ICE
2015-02-19,46.77199935913086,47.34999847412109,46.742000579833984,46.78200149536133,40.69026184082031,1846000,0.0,0.0,ICE,ICE
2015-02-20,46.78200149536133,47.09799957275391,46.25600051879883,47.00400161743164,40.88335800170898,5473000,0.0,0.0,ICE,ICE
2015-02-23,46.9379997253418,47.0,46.50199890136719,46.88399887084961,40.77898025512695,1879000,0.0,0.0,ICE,ICE
2015-02-24,46.80799865722656,47.63800048828125,46.66999816894531,47.10599899291992,40.972076416015625,2621500,0.0,0.0,ICE,ICE
2015-02-25,47.0099983215332,47.99599838256836,46.65800094604492,47.77000045776367,41.54961395263672,4254000,0.0,0.0,ICE,ICE
2015-02-26,47.8759994506836,48.0099983215332,47.33200073242188,47.64599990844727,41.4417610168457,3364000,0.0,0.0,ICE,ICE
2015-02-27,47.63399887084961,47.82400131225586,47.04800033569336,47.071998596191406,40.942508697509766,2566500,0.0,0.0,ICE,ICE
2015-03-02,46.97800064086914,47.959999084472656,46.95800018310547,47.86399841308594,41.63136672973633,3609000,0.0,0.0,ICE,ICE
2015-03-03,47.652000427246094,47.98400115966797,46.46799850463867,47.12200164794922,40.98598098754883,3956500,0.0,0.0,ICE,ICE
2015-03-04,47.02399826049805,47.040000915527344,46.20199966430664,46.59000015258789,40.52326583862305,4417500,0.0,0.0,ICE,ICE
2015-03-05,46.948001861572266,46.99800109863281,46.59199905395508,46.821998596191406,40.72505187988281,3005500,0.0,0.0,ICE,ICE
2015-03-06,46.762001037597656,47.25400161743164,46.05199813842773,46.08399963378906,40.08316040039063,3556500,0.0,0.0,ICE,ICE
2015-03-09,46.25,46.89599990844727,46.01399993896485,46.7859992980957,40.6937370300293,3448000,0.0,0.0,ICE,ICE
2015-03-10,46.45000076293945,46.45000076293945,45.58399963378906,45.59000015258789,39.65349197387695,3310500,0.0,0.0,ICE,ICE
2015-03-11,45.88800048828125,45.99599838256836,45.17599868774414,45.720001220703125,39.76655197143555,3692500,0.0,0.0,ICE,ICE
2015-03-12,46.08399963378906,46.42599868774414,45.7140007019043,46.15399932861328,40.14402770996094,2509500,0.0,0.0,ICE,ICE
2015-03-13,46.02999877929688,46.34400177001953,45.56600189208984,45.81800079345703,39.9643440246582,2664000,0.13,0.0,ICE,ICE
2015-03-16,46.09600067138672,46.77199935913086,46.09400177001953,46.59000015258789,40.63772201538086,2469500,0.0,0.0,ICE,ICE
2015-03-17,46.422000885009766,46.77799987792969,46.09199905395508,46.70199966430664,40.73540496826172,3281000,0.0,0.0,ICE,ICE
2015-03-18,46.54199981689453,46.61000061035156,45.82400131225586,46.29399871826172,40.37954711914063,2985500,0.0,0.0,ICE,ICE
2015-03-19,46.15999984741211,47.40800094604492,46.04999923706055,47.34199905395508,41.29365921020508,3821500,0.0,0.0,ICE,ICE
2015-03-20,47.34199905395508,47.58399963378906,46.948001861572266,47.34000015258789,41.29189300537109,5106000,0.0,0.0,ICE,ICE
2015-03-23,47.46200180053711,47.51399993896485,46.80199813842773,47.06600189208984,41.05291748046875,3107000,0.0,0.0,ICE,ICE
2015-03-24,46.869998931884766,47.25,46.56999969482422,46.86199951171875,40.8749885559082,2964500,0.0,0.0,ICE,ICE
2015-03-25,46.83399963378906,47.055999755859375,45.94200134277344,46.18999862670898,40.2888298034668,4392000,0.0,0.0,ICE,ICE
2015-03-26,45.89400100708008,46.459999084472656,45.52199935913086,45.95000076293945,40.07949066162109,3433500,0.0,0.0,ICE,ICE
2015-03-27,45.77999877929688,46.53200149536133,45.76800155639648,46.39599990844727,40.46850204467773,2414000,0.0,0.0,ICE,ICE
2015-03-30,46.70000076293945,47.02999877929688,46.507999420166016,46.99599838256836,40.991844177246094,2416000,0.0,0.0,ICE,ICE
2015-03-31,46.68399810791016,46.86000061035156,46.39599990844727,46.65399932861328,40.693546295166016,3282500,0.0,0.0,ICE,ICE
2015-04-01,46.53200149536133,47.07799911499024,46.09400177001953,46.18399810791016,40.283573150634766,3358500,0.0,0.0,ICE,ICE
2015-04-02,46.21599960327149,46.380001068115234,45.49399948120117,45.77399826049805,39.92597198486328,2628000,0.0,0.0,ICE,ICE
2015-04-06,45.56600189208984,46.33399963378906,45.44400024414063,45.86600112915039,40.00621795654297,2119500,0.0,0.0,ICE,ICE
2015-04-07,45.95600128173828,46.34999847412109,45.709999084472656,45.96200180053711,40.08995056152344,2671500,0.0,0.0,ICE,ICE
2015-04-08,45.992000579833984,46.400001525878906,45.97999954223633,46.09999847412109,40.21032333374024,2367500,0.0,0.0,ICE,ICE
2015-04-09,46.0,46.22999954223633,45.60599899291992,46.178001403808594,40.27837371826172,1794500,0.0,0.0,ICE,ICE
2015-04-10,46.22800064086914,46.51800155639648,46.040000915527344,46.38199996948242,40.45630645751953,1601000,0.0,0.0,ICE,ICE
2015-04-13,46.25600051879883,46.555999755859375,46.130001068115234,46.15800094604492,40.26092147827149,1972500,0.0,0.0,ICE,ICE
2015-04-14,46.1259994506836,46.50199890136719,45.52799987792969,45.7760009765625,39.927711486816406,2345000,0.0,0.0,ICE,ICE
2015-04-15,45.83200073242188,46.29999923706055,45.5,45.95800018310547,40.086463928222656,3681500,0.0,0.0,ICE,ICE
2015-04-16,45.9379997253418,46.27000045776367,45.571998596191406,45.97600173950195,40.10216522216797,1621500,0.0,0.0,ICE,ICE
2015-04-17,45.65399932861328,46.071998596191406,44.5359992980957,44.73400115966797,39.018856048583984,3454000,0.0,0.0,ICE,ICE
2015-04-20,44.86399841308594,45.209999084472656,44.65599822998047,45.13399887084961,39.36774826049805,2669000,0.0,0.0,ICE,ICE
2015-04-21,45.13399887084961,45.220001220703125,44.63999938964844,44.82400131225586,39.09734725952149,2183000,0.0,0.0,ICE,ICE
2015-04-22,44.83599853515625,45.51399993896485,44.58599853515625,45.12200164794922,39.35727310180664,3215000,0.0,0.0,ICE,ICE
2015-04-23,45.02000045776367,45.310001373291016,44.902000427246094,45.03799819946289,39.28400421142578,1976000,0.0,0.0,ICE,ICE
2015-04-24,44.94599914550781,45.17399978637695,44.25600051879883,44.678001403808594,38.97000503540039,3232000,0.0,0.0,ICE,ICE
2015-04-27,44.672000885009766,44.992000579833984,44.40999984741211,44.54999923706055,38.85834884643555,3159500,0.0,0.0,ICE,ICE
2015-04-28,44.54999923706055,44.88800048828125,44.23199844360352,44.858001708984375,39.12699890136719,2639000,0.0,0.0,ICE,ICE
2015-04-29,44.61600112915039,45.29999923706055,44.571998596191406,44.95199966430664,39.20897674560547,2299500,0.0,0.0,ICE,ICE
2015-04-30,44.75,45.40599822998047,44.43000030517578,44.90599822998047,39.16887283325195,2640500,0.0,0.0,ICE,ICE
2015-05-01,44.84999847412109,45.61199951171875,44.80799865722656,45.16400146484375,39.39391708374024,2440500,0.0,0.0,ICE,ICE
2015-05-04,45.34799957275391,45.63399887084961,45.11000061035156,45.31800079345703,39.52823257446289,4436500,0.0,0.0,ICE,ICE
2015-05-05,46.0,46.43399810791016,45.37200164794922,46.43399810791016,40.50165939331055,9548500,0.0,0.0,ICE,ICE
2015-05-06,46.34600067138672,46.428001403808594,45.178001403808594,45.45199966430664,39.64510726928711,5049500,0.0,0.0,ICE,ICE
2015-05-07,45.61000061035156,46.79800033569336,45.38399887084961,46.61800003051758,40.662147521972656,5091500,0.0,0.0,ICE,ICE
2015-05-08,47.152000427246094,47.992000579833984,46.810001373291016,47.64799880981445,41.56055450439453,8812000,0.0,0.0,ICE,ICE
2015-05-11,47.40599822998047,48.39599990844727,47.34000015258789,48.0,41.86757659912109,8105000,0.0,0.0,ICE,ICE
2015-05-12,47.79999923706055,48.18999862670898,47.33399963378906,47.98799896240234,41.85708999633789,3392000,0.0,0.0,ICE,ICE
2015-05-13,47.992000579833984,48.31999969482422,47.757999420166016,48.01599884033203,41.88154220581055,2809500,0.0,0.0,ICE,ICE
2015-05-14,48.22999954223633,48.39599990844727,47.96200180053711,48.10200119018555,41.95655822753906,3891000,0.0,0.0,ICE,ICE
2015-05-15,48.28400039672852,48.31399917602539,47.48799896240234,47.75400161743164,41.65301132202149,2378500,0.0,0.0,ICE,ICE
2015-05-18,47.6259994506836,48.150001525878906,47.50400161743164,47.5359992980957,41.462852478027344,2651500,0.0,0.0,ICE,ICE
2015-05-19,47.66600036621094,48.0,47.4900016784668,47.56999969482422,41.492523193359375,2641000,0.0,0.0,ICE,ICE
2015-05-20,47.74399948120117,47.89599990844727,47.130001068115234,47.152000427246094,41.12792205810547,3382500,0.0,0.0,ICE,ICE
2015-05-21,47.02999877929688,47.38199996948242,46.83599853515625,47.06999969482422,41.056400299072266,2679000,0.0,0.0,ICE,ICE
2015-05-22,47.119998931884766,47.65800094604492,47.00600051879883,47.374000549316406,41.321556091308594,1579500,0.0,0.0,ICE,ICE
2015-05-26,47.28799819946289,47.28799819946289,46.63600158691406,46.73600006103516,40.76507186889648,2593500,0.0,0.0,ICE,ICE
2015-05-27,46.81800079345703,47.150001525878906,46.4640007019043,46.93600082397461,40.93951416015625,2343500,0.0,0.0,ICE,ICE
2015-05-28,47.06800079345703,47.36000061035156,46.71599960327149,47.28799819946289,41.24654006958008,1856500,0.0,0.0,ICE,ICE
2015-05-29,47.26800155639648,47.68399810791016,46.82799911499024,47.35599899291992,41.30586624145508,4178500,0.0,0.0,ICE,ICE
2015-06-01,47.49800109863281,47.53400039672852,47.06399917602539,47.108001708984375,41.08956146240234,2785500,0.0,0.0,ICE,ICE
2015-06-02,46.89400100708008,47.34000015258789,46.73600006103516,47.18000030517578,41.15234375,1656000,0.0,0.0,ICE,ICE
2015-06-03,47.23199844360352,47.60599899291992,46.84400177001953,46.84799957275391,40.86275100708008,3500000,0.0,0.0,ICE,ICE
2015-06-04,46.62799835205078,47.20600128173828,46.35200119018555,47.055999755859375,41.04418182373047,3192500,0.0,0.0,ICE,ICE
2015-06-05,47.400001525878906,47.59999847412109,46.874000549316406,47.310001373291016,41.2657470703125,2354000,0.0,0.0,ICE,ICE
2015-06-08,47.45199966430664,47.54600143432617,46.970001220703125,47.11399841308594,41.09477233886719,3369000,0.0,0.0,ICE,ICE
2015-06-09,47.0099983215332,47.83200073242188,46.83200073242188,47.3759994506836,41.32330322265625,3212500,0.0,0.0,ICE,ICE
2015-06-10,47.459999084472656,48.13999938964844,46.99399948120117,48.09400177001953,41.9495735168457,3573000,0.0,0.0,ICE,ICE
2015-06-11,48.15800094604492,48.59199905395508,47.948001861572266,48.400001525878906,42.21648406982422,2470500,0.0,0.0,ICE,ICE
2015-06-12,48.104000091552734,48.30799865722656,47.5359992980957,47.709999084472656,41.74401092529297,3029500,0.15,0.0,ICE,ICE
2015-06-15,47.33000183105469,47.72800064086914,47.10599899291992,47.46200180053711,41.52701568603516,2281000,0.0,0.0,ICE,ICE
2015-06-16,47.33599853515625,47.61800003051758,46.757999420166016,46.880001068115234,41.01779556274414,3059500,0.0,0.0,ICE,ICE
2015-06-17,47.04600143432617,47.25199890136719,46.6879997253418,46.86199951171875,41.00205612182617,2999500,0.0,0.0,ICE,ICE
2015-06-18,47.0,47.198001861572266,46.56600189208984,46.75,40.90404891967773,3452000,0.0,0.0,ICE,ICE
2015-06-19,46.59999847412109,46.7859992980957,45.56600189208984,45.8759994506836,40.13933563232422,5301000,0.0,0.0,ICE,ICE
2015-06-22,46.22800064086914,46.38800048828125,45.95800018310547,46.178001403808594,40.4035758972168,2157000,0.0,0.0,ICE,ICE
2015-06-23,46.40599822998047,46.48600006103516,45.94599914550781,45.97200012207031,40.22334289550781,2351000,0.0,0.0,ICE,ICE
2015-06-24,45.900001525878906,46.09799957275391,45.55400085449219,45.61199951171875,39.90835571289063,2737500,0.0,0.0,ICE,ICE
2015-06-25,45.59999847412109,45.89799880981445,45.51399993896485,45.54600143432617,39.85060501098633,2470500,0.0,0.0,ICE,ICE
2015-06-26,45.59999847412109,45.84999847412109,45.10200119018555,45.23199844360352,39.57586669921875,3776500,0.0,0.0,ICE,ICE
2015-06-29,44.84199905395508,45.12200164794922,44.422000885009766,44.45800018310547,38.8986701965332,2342500,0.0,0.0,ICE,ICE
2015-06-30,44.7140007019043,44.99599838256836,44.38199996948242,44.72200012207031,39.12965393066406,3649000,0.0,0.0,ICE,ICE
2015-07-01,45.03799819946289,45.29199981689453,44.90399932861328,45.14799880981445,39.50237655639648,5389000,0.0,0.0,ICE,ICE
2015-07-02,45.3380012512207,45.49800109863281,45.09199905395508,45.40800094604492,39.72987747192383,2634000,0.0,0.0,ICE,ICE
2015-07-06,45.04999923706055,45.30199813842773,44.61800003051758,44.874000549316406,39.262638092041016,3244000,0.0,0.0,ICE,ICE
2015-07-07,45.00400161743164,45.58000183105469,44.650001525878906,45.44599914550781,39.76310348510742,3554000,0.0,0.0,ICE,ICE
2015-07-08,45.152000427246094,45.37200164794922,44.31800079345703,44.37200164794922,38.82342529296875,4029500,0.0,0.0,ICE,ICE
2015-07-09,44.65399932861328,45.4379997253418,44.52399826049805,44.88600158691406,39.273136138916016,4959000,0.0,0.0,ICE,ICE
2015-07-10,45.7859992980957,46.32400131225586,45.25,45.89400100708008,40.15509796142578,3109000,0.0,0.0,ICE,ICE
2015-07-13,46.33399963378906,46.38399887084961,45.59600067138672,45.79999923706055,40.07283782958984,3071500,0.0,0.0,ICE,ICE
2015-07-14,45.70000076293945,45.874000549316406,45.39599990844727,45.59799957275391,39.89609909057617,2144500,0.0,0.0,ICE,ICE
2015-07-15,45.56999969482422,45.94200134277344,44.9640007019043,45.78400039672852,40.058860778808594,2536000,0.0,0.0,ICE,ICE
2015-07-16,46.15999984741211,46.48600006103516,45.9119987487793,46.4640007019043,40.65381240844727,2087000,0.0,0.0,ICE,ICE
2015-07-17,46.20199966430664,46.540000915527344,46.108001708984375,46.34400177001953,40.54882049560547,2015500,0.0,0.0,ICE,ICE
2015-07-20,46.29199981689453,46.51399993896485,46.0,46.30199813842773,40.51205825805664,1718000,0.0,0.0,ICE,ICE
2015-07-21,46.23400115966797,46.68399810791016,46.198001861572266,46.34000015258789,40.545318603515625,2274000,0.0,0.0,ICE,ICE
2015-07-22,46.3380012512207,46.672000885009766,46.04999923706055,46.65800094604492,40.82356262207031,2147000,0.0,0.0,ICE,ICE
2015-07-23,46.54399871826172,46.79399871826172,45.84999847412109,45.96799850463867,40.21983337402344,2090000,0.0,0.0,ICE,ICE
2015-07-24,45.928001403808594,46.3380012512207,45.59600067138672,45.80199813842773,40.07459259033203,2613500,0.0,0.0,ICE,ICE
2015-07-27,45.61800003051758,45.71799850463867,45.130001068115234,45.29999923706055,39.6353759765625,1865500,0.0,0.0,ICE,ICE
2015-07-28,45.55400085449219,45.55400085449219,44.99399948120117,45.27000045776367,39.609134674072266,1909500,0.0,0.0,ICE,ICE
2015-07-29,45.305999755859375,45.64599990844727,44.98799896240234,45.54199981689453,39.84712219238281,1539000,0.0,0.0,ICE,ICE
2015-07-30,45.49599838256836,45.98199844360352,45.49599838256836,45.810001373291016,40.08159255981445,1339500,0.0,0.0,ICE,ICE
2015-07-31,45.77000045776367,45.77399826049805,45.38199996948242,45.608001708984375,39.90486145019531,2169500,0.0,0.0,ICE,ICE
2015-08-03,45.77399826049805,45.98400115966797,45.5260009765625,45.97600173950195,40.22684097290039,2136000,0.0,0.0,ICE,ICE
2015-08-04,46.0099983215332,46.220001220703125,45.93999862670898,46.130001068115234,40.3615837097168,2755500,0.0,0.0,ICE,ICE
2015-08-05,46.02999877929688,47.63999938964844,45.88999938964844,47.507999420166016,41.56726837158203,3222500,0.0,0.0,ICE,ICE
2015-08-06,47.73199844360352,47.86199951171875,46.928001403808594,47.400001525878906,41.4727668762207,3670500,0.0,0.0,ICE,ICE
2015-08-07,47.400001525878906,47.71799850463867,47.0880012512207,47.45000076293945,41.51652526855469,2832000,0.0,0.0,ICE,ICE
2015-08-10,47.720001220703125,48.38800048828125,47.66600036621094,48.08200073242188,42.06950759887695,2000000,0.0,0.0,ICE,ICE
2015-08-11,47.757999420166016,47.95600128173828,47.20800018310547,47.380001068115234,41.455265045166016,2658000,0.0,0.0,ICE,ICE
2015-08-12,47.119998931884766,47.31600189208984,46.402000427246094,47.23600006103516,41.329288482666016,2961000,0.0,0.0,ICE,ICE
2015-08-13,47.33599853515625,47.81600189208984,47.02000045776367,47.54199981689453,41.59700393676758,3396500,0.0,0.0,ICE,ICE
2015-08-14,47.4640007019043,48.15999984741211,47.39799880981445,48.130001068115234,42.11148452758789,4329000,0.0,0.0,ICE,ICE
2015-08-17,47.858001708984375,48.321998596191406,47.71599960327149,48.20000076293945,42.1727409362793,2402000,0.0,0.0,ICE,ICE
2015-08-18,48.19599914550781,48.874000549316406,48.07400131225586,48.810001373291016,42.70645904541016,3053000,0.0,0.0,ICE,ICE
2015-08-19,48.790000915527344,49.18199920654297,48.45399856567383,48.79600143432617,42.69419860839844,4566000,0.0,0.0,ICE,ICE
2015-08-20,48.48400115966797,49.27799987792969,47.88399887084961,48.858001708984375,42.74845504760742,5873000,0.0,0.0,ICE,ICE
2015-08-21,48.5880012512207,48.70399856567383,47.2859992980957,47.34199905395508,41.422019958496094,5604000,0.0,0.0,ICE,ICE
2015-08-24,45.402000427246094,46.58000183105469,44.055999755859375,44.98600006103516,39.36063003540039,7709500,0.0,0.0,ICE,ICE
2015-08-25,45.98199844360352,46.22800064086914,44.48600006103516,44.50400161743164,38.93890380859375,6486500,0.0,0.0,ICE,ICE
2015-08-26,45.40399932861328,46.24399948120117,44.81399917602539,45.86800003051758,40.13234329223633,4641000,0.0,0.0,ICE,ICE
2015-08-27,46.18999862670898,46.54600143432617,45.47200012207031,46.39400100708008,40.59257507324219,4348500,0.0,0.0,ICE,ICE
2015-08-28,46.13199996948242,46.82799911499024,46.0,46.48199844360352,40.6695671081543,2722000,0.0,0.0,ICE,ICE
2015-08-31,46.52000045776367,46.52000045776367,45.66400146484375,45.68199920654297,39.9696044921875,3281500,0.0,0.0,ICE,ICE
2015-09-01,44.9119987487793,45.448001861572266,44.698001861572266,44.90399932861328,39.28888702392578,4156500,0.0,0.0,ICE,ICE
2015-09-02,45.290000915527344,45.4640007019043,44.73199844360352,45.30199813842773,39.63710784912109,2595500,0.0,0.0,ICE,ICE
2015-09-03,45.402000427246094,46.25400161743164,45.12799835205078,45.78200149536133,40.05710220336914,5487500,0.0,0.0,ICE,ICE
2015-09-04,45.59999847412109,46.0099983215332,44.98199844360352,45.358001708984375,39.686134338378906,2938000,0.0,0.0,ICE,ICE
2015-09-08,45.74800109863281,46.948001861572266,45.56399917602539,46.902000427246094,41.03704452514648,2913500,0.0,0.0,ICE,ICE
2015-09-09,47.2140007019043,47.24399948120117,46.14599990844727,46.23799896240234,40.45607376098633,2752000,0.0,0.0,ICE,ICE
2015-09-10,46.29999923706055,47.400001525878906,46.198001861572266,47.02799987792969,41.14729690551758,3117500,0.0,0.0,ICE,ICE
2015-09-11,46.97800064086914,47.2760009765625,46.53400039672852,47.24599838256836,41.33802795410156,3658500,0.0,0.0,ICE,ICE
2015-09-14,47.15800094604492,47.63199996948242,46.571998596191406,46.709999084472656,40.999210357666016,3247000,0.15,0.0,ICE,ICE
2015-09-15,46.91600036621094,46.91600036621094,46.32799911499024,46.70000076293945,40.99045181274414,4276000,0.0,0.0,ICE,ICE
2015-09-16,46.65399932861328,46.84000015258789,45.93999862670898,46.6879997253418,40.97990798950195,4411500,0.0,0.0,ICE,ICE
2015-09-17,46.79999923706055,47.12799835205078,45.902000427246094,46.040000915527344,40.41114807128906,5357500,0.0,0.0,ICE,ICE
2015-09-18,45.650001525878906,46.01599884033203,45.30400085449219,45.652000427246094,40.070560455322266,5143500,0.0,0.0,ICE,ICE
2015-09-21,45.948001861572266,46.59799957275391,45.80799865722656,46.33000183105469,40.66569519042969,4652500,0.0,0.0,ICE,ICE
2015-09-22,45.71599960327149,46.0,45.02799987792969,45.29199981689453,39.754581451416016,2922000,0.0,0.0,ICE,ICE
2015-09-23,45.2140007019043,45.94200134277344,45.104000091552734,45.854000091552734,40.24787139892578,2454500,0.0,0.0,ICE,ICE
2015-09-24,45.53799819946289,45.53799819946289,44.9640007019043,45.3380012512207,39.794952392578125,3574500,0.0,0.0,ICE,ICE
2015-09-25,45.72999954223633,47.29800033569336,45.624000549316406,47.0,41.25376892089844,5286000,0.0,0.0,ICE,ICE
2015-09-28,46.63199996948242,46.95000076293945,45.54999923706055,45.59600067138672,40.021427154541016,4465500,0.0,0.0,ICE,ICE
2015-09-29,45.63999938964844,45.82600021362305,44.698001861572266,45.55799865722656,39.98807144165039,3482500,0.0,0.0,ICE,ICE
2015-09-30,45.83200073242188,47.06399917602539,45.70000076293945,46.99800109863281,41.25201797485352,3125500,0.0,0.0,ICE,ICE
2015-10-01,46.80199813842773,47.18999862670898,46.01599884033203,46.70800018310547,40.99747467041016,4503000,0.0,0.0,ICE,ICE
2015-10-02,46.25199890136719,46.305999755859375,44.928001403808594,46.29600143432617,40.635841369628906,4387500,0.0,0.0,ICE,ICE
2015-10-05,46.56999969482422,47.4640007019043,46.40399932861328,47.391998291015625,41.59783935546875,3182500,0.0,0.0,ICE,ICE
2015-10-06,47.422000885009766,47.507999420166016,46.88600158691406,47.25600051879883,41.47847366333008,2706000,0.0,0.0,ICE,ICE
2015-10-07,47.59799957275391,47.672000885009766,46.4739990234375,46.757999420166016,41.04135513305664,2973500,0.0,0.0,ICE,ICE
2015-10-08,46.56600189208984,46.891998291015625,46.108001708984375,46.83200073242188,41.10631561279297,2187500,0.0,0.0,ICE,ICE
2015-10-09,46.83399963378906,46.91999816894531,45.47800064086914,45.77999877929688,40.18292236328125,3478000,0.0,0.0,ICE,ICE
2015-10-12,45.96200180053711,46.77399826049805,45.77999877929688,46.68000030517578,40.97288131713867,1968500,0.0,0.0,ICE,ICE
2015-10-13,46.380001068115234,46.75400161743164,46.20199966430664,46.23199844360352,40.57966232299805,2263000,0.0,0.0,ICE,ICE
2015-10-14,46.24399948120117,46.720001220703125,45.78200149536133,45.869998931884766,40.26193237304688,2620500,0.0,0.0,ICE,ICE
2015-10-15,46.06600189208984,47.36199951171875,46.040000915527344,47.24399948120117,41.46794128417969,2148000,0.0,0.0,ICE,ICE
2015-10-16,47.59199905395508,47.90999984741211,47.15599822998047,47.57799911499024,41.76108551025391,2939000,0.0,0.0,ICE,ICE
2015-10-19,47.209999084472656,48.23199844360352,47.209999084472656,48.05400085449219,42.17890930175781,3854000,0.0,0.0,ICE,ICE
2015-10-20,47.92399978637695,48.43199920654297,47.56600189208984,48.32799911499024,42.41940307617188,2593500,0.0,0.0,ICE,ICE
2015-10-21,48.40800094604492,48.56800079345703,47.34000015258789,47.3759994506836,41.58378982543945,2126500,0.0,0.0,ICE,ICE
2015-10-22,47.51399993896485,49.41600036621094,47.40399932861328,49.14799880981445,43.139156341552734,3154500,0.0,0.0,ICE,ICE
2015-10-23,49.40599822998047,49.880001068115234,49.13999938964844,49.7599983215332,43.67632293701172,2899500,0.0,0.0,ICE,ICE
2015-10-26,49.80199813842773,50.98199844360352,48.75600051879883,49.47800064086914,43.42879486083984,5828000,0.0,0.0,ICE,ICE
2015-10-27,49.27799987792969,51.46799850463867,49.0,51.141998291015625,44.88935852050781,7792500,0.0,0.0,ICE,ICE
2015-10-28,51.18600082397461,51.608001708984375,50.33000183105469,51.53400039672852,45.233436584472656,4186500,0.0,0.0,ICE,ICE
2015-10-29,51.57600021362305,52.5359992980957,51.40999984741211,52.36800003051758,45.96546936035156,4858000,0.0,0.0,ICE,ICE
2015-10-30,52.30799865722656,52.43600082397461,50.39400100708008,50.47999954223633,44.30829620361328,5180000,0.0,0.0,ICE,ICE
2015-11-02,50.30400085449219,52.34000015258789,50.150001525878906,52.27000045776367,45.87945556640625,4729000,0.0,0.0,ICE,ICE
2015-11-03,52.00199890136719,52.47600173950195,51.67599868774414,52.09999847412109,45.73023986816406,3933500,0.0,0.0,ICE,ICE
2015-11-04,51.93000030517578,52.39599990844727,51.54600143432617,52.04999923706055,45.68635559082031,3710000,0.0,0.0,ICE,ICE
2015-11-05,52.11399841308594,52.47200012207031,51.85599899291992,52.29999923706055,45.90578842163086,3241500,0.0,0.0,ICE,ICE
2015-11-06,52.88800048828125,53.18000030517578,52.150001525878906,52.4640007019043,46.04974365234375,2942000,0.0,0.0,ICE,ICE
2015-11-09,52.47800064086914,52.53400039672852,51.900001525878906,52.2599983215332,45.87067031860352,2354500,0.0,0.0,ICE,ICE
2015-11-10,52.09000015258789,52.874000549316406,51.81600189208984,52.73799896240234,46.29024505615234,2674000,0.0,0.0,ICE,ICE
2015-11-11,53.01800155639648,53.34799957275391,52.65800094604492,52.79600143432617,46.341156005859375,3492000,0.0,0.0,ICE,ICE
2015-11-12,52.46799850463867,52.77999877929688,51.959999084472656,52.01599884033203,45.65652084350586,3936500,0.0,0.0,ICE,ICE
2015-11-13,51.86800003051758,52.16999816894531,51.290000915527344,51.69400024414063,45.37387847900391,3116000,0.0,0.0,ICE,ICE
2015-11-16,51.77399826049805,52.44599914550781,51.31600189208984,52.41999816894531,46.01113510131836,2887500,0.0,0.0,ICE,ICE
2015-11-17,52.71200180053711,52.720001220703125,52.0260009765625,52.38399887084961,45.9795150756836,2486500,0.0,0.0,ICE,ICE
2015-11-18,52.61800003051758,52.75,51.80799865722656,52.720001220703125,46.27443313598633,2802000,0.0,0.0,ICE,ICE
2015-11-19,52.624000549316406,52.75,52.321998596191406,52.58599853515625,46.15682601928711,1743500,0.0,0.0,ICE,ICE
2015-11-20,52.81399917602539,52.99800109863281,52.47800064086914,52.70399856567383,46.26039505004883,2223500,0.0,0.0,ICE,ICE
2015-11-23,52.68199920654297,53.0,52.50600051879883,52.65999984741211,46.22177505493164,1237500,0.0,0.0,ICE,ICE
2015-11-24,52.24599838256836,52.42399978637695,51.56800079345703,51.83000183105469,45.49324798583984,2075500,0.0,0.0,ICE,ICE
2015-11-25,51.86399841308594,52.22800064086914,51.69400024414063,51.902000427246094,45.55644989013672,1252000,0.0,0.0,ICE,ICE
2015-11-27,51.917999267578125,52.18999862670898,51.68999862670898,52.04600143432617,45.68284225463867,569000,0.0,0.0,ICE,ICE
2015-11-30,52.04800033569336,52.36199951171875,51.667999267578125,51.96799850463867,45.6143798828125,2424500,0.0,0.0,ICE,ICE
2015-12-01,52.30400085449219,52.40800094604492,51.27000045776367,52.18999862670898,45.80923461914063,4277000,0.0,0.0,ICE,ICE
2015-12-02,52.27399826049805,52.630001068115234,51.68399810791016,51.810001373291016,45.475704193115234,2992000,0.0,0.0,ICE,ICE
2015-12-03,51.90999984741211,52.198001861572266,50.62200164794922,50.76800155639648,44.56110000610352,4525500,0.0,0.0,ICE,ICE
2015-12-04,51.11600112915039,53.20000076293945,51.05199813842773,52.82799911499024,46.369239807128906,4690500,0.0,0.0,ICE,ICE
2015-12-07,52.77000045776367,53.1879997253418,52.5,52.73400115966797,46.28672790527344,3016000,0.0,0.0,ICE,ICE
2015-12-08,52.59000015258789,53.09999847412109,51.89599990844727,52.23600006103516,45.84962463378906,2072500,0.0,0.0,ICE,ICE
2015-12-09,51.72200012207031,52.00199890136719,50.04999923706055,50.45600128173828,44.28725814819336,2602000,0.0,0.0,ICE,ICE
2015-12-10,50.45000076293945,51.09000015258789,50.30799865722656,50.492000579833984,44.318843841552734,2324000,0.0,0.0,ICE,ICE
2015-12-11,49.7760009765625,49.992000579833984,48.55799865722656,48.790000915527344,42.82493591308594,3292000,0.0,0.0,ICE,ICE
2015-12-14,48.81600189208984,49.290000915527344,48.07400131225586,49.11600112915039,43.24401473999024,3849000,0.15,0.0,ICE,ICE
2015-12-15,50.0,50.63800048828125,49.26399993896485,50.0,44.02232360839844,5167500,0.0,0.0,ICE,ICE
2015-12-16,50.25,50.40399932861328,49.16400146484375,49.54399871826172,43.62084197998047,5094500,0.0,0.0,ICE,ICE
2015-12-17,48.98199844360352,49.87799835205078,48.81999969482422,49.67399978637695,43.73530197143555,17146500,0.0,0.0,ICE,ICE
2015-12-18,49.43399810791016,49.619998931884766,48.82600021362305,48.91600036621094,43.06792831420898,6975500,0.0,0.0,ICE,ICE
2015-12-21,49.39599990844727,49.54800033569336,49.0099983215332,49.48799896240234,43.57154083251953,3955500,0.0,0.0,ICE,ICE
2015-12-22,49.83000183105469,50.178001403808594,49.604000091552734,50.01800155639648,44.03818893432617,3565500,0.0,0.0,ICE,ICE
2015-12-23,49.959999084472656,50.45399856567383,49.71799850463867,50.20000076293945,44.19842529296875,3710500,0.0,0.0,ICE,ICE
2015-12-24,50.09999847412109,50.52999877929688,50.0099983215332,50.38399887084961,44.36040878295898,1474000,0.0,0.0,ICE,ICE
2015-12-28,50.34600067138672,51.15399932861328,50.25400161743164,50.88199996948242,44.79888153076172,4593000,0.0,0.0,ICE,ICE
2015-12-29,51.39400100708008,51.8759994506836,51.119998931884766,51.54800033569336,45.3852653503418,5030000,0.0,0.0,ICE,ICE
2015-12-30,51.54600143432617,52.0359992980957,51.3120002746582,51.38600158691406,45.24263000488281,2909000,0.0,0.0,ICE,ICE
2015-12-31,51.09799957275391,51.79999923706055,50.54999923706055,51.25199890136719,45.12464904785156,13121500,0.0,0.0,ICE,ICE
2016-01-04,50.45000076293945,50.63399887084961,49.672000885009766,50.27799987792969,44.26710510253906,8122000,0.0,0.0,ICE,ICE
2016-01-05,51.65999984741211,51.810001373291016,50.8120002746582,51.51599884033203,45.35708618164063,6751500,0.0,0.0,ICE,ICE
2016-01-06,51.0,51.34999847412109,50.57799911499024,51.055999755859375,44.95208358764648,5234000,0.0,0.0,ICE,ICE
2016-01-07,50.08599853515625,51.7400016784668,50.05400085449219,50.83399963378906,44.756629943847656,6180500,0.0,0.0,ICE,ICE
2016-01-08,51.130001068115234,51.39599990844727,49.93600082397461,50.05400085449219,44.06987380981445,4808500,0.0,0.0,ICE,ICE
2016-01-11,50.38600158691406,50.81800079345703,49.95800018310547,50.52799987792969,44.487213134765625,4436500,0.0,0.0,ICE,ICE
2016-01-12,51.0,51.17599868774414,50.11199951171875,50.77399826049805,44.703800201416016,3620000,0.0,0.0,ICE,ICE
2016-01-13,50.880001068115234,50.93399810791016,48.83000183105469,49.32400131225586,43.42715835571289,4299500,0.0,0.0,ICE,ICE
2016-01-14,49.652000427246094,50.29199981689453,49.04999923706055,50.01399993896485,44.0346565246582,3648000,0.0,0.0,ICE,ICE
2016-01-15,48.63800048828125,50.305999755859375,48.61399841308594,49.09000015258789,43.22111129760742,7015500,0.0,0.0,ICE,ICE
2016-01-19,49.86000061035156,50.257999420166016,49.44599914550781,49.805999755859375,43.851524353027344,5442500,0.0,0.0,ICE,ICE
2016-01-20,49.04600143432617,49.44599914550781,48.25,48.56600189208984,42.759761810302734,6240000,0.0,0.0,ICE,ICE
2016-01-21,48.90999984741211,49.2239990234375,48.06800079345703,48.41600036621094,42.62771224975586,4790000,0.0,0.0,ICE,ICE
2016-01-22,49.02199935913086,50.34199905395508,48.71200180053711,50.25600051879883,44.24771499633789,5004500,0.0,0.0,ICE,ICE
2016-01-25,50.51399993896485,50.720001220703125,49.28200149536133,49.75400161743164,43.80574035644531,4532000,0.0,0.0,ICE,ICE
2016-01-26,50.09799957275391,50.34199905395508,49.81800079345703,50.32799911499024,44.31111907958984,4885500,0.0,0.0,ICE,ICE
2016-01-27,50.22200012207031,51.23799896240234,50.00600051879883,50.555999755859375,44.511863708496094,5451000,0.0,0.0,ICE,ICE
2016-01-28,50.97800064086914,51.25400161743164,50.27399826049805,50.90800094604492,44.8217887878418,5301000,0.0,0.0,ICE,ICE
2016-01-29,51.33200073242188,52.805999755859375,50.94200134277344,52.7599983215332,46.452369689941406,9450000,0.0,0.0,ICE,ICE
2016-02-01,52.65800094604492,53.77799987792969,52.32600021362305,53.38800048828125,47.00528717041016,7803500,0.0,0.0,ICE,ICE
2016-02-02,53.150001525878906,53.150001525878906,52.46200180053711,52.89799880981445,46.573856353759766,6056000,0.0,0.0,ICE,ICE
2016-02-03,53.11199951171875,53.32600021362305,51.492000579833984,52.61600112915039,46.325592041015625,6074000,0.0,0.0,ICE,ICE
2016-02-04,52.78400039672852,52.93199920654297,48.36199951171875,49.21799850463867,43.33382797241211,14852000,0.0,0.0,ICE,ICE
2016-02-05,48.92599868774414,49.27000045776367,46.79600143432617,47.23799896240234,41.59053421020508,8854000,0.0,0.0,ICE,ICE
2016-02-08,46.720001220703125,47.99599838256836,45.78799819946289,47.79600143432617,42.08183288574219,9605000,0.0,0.0,ICE,ICE
2016-02-09,47.67399978637695,48.83200073242188,47.38600158691406,48.560001373291016,42.75447845458984,5991000,0.0,0.0,ICE,ICE
2016-02-10,48.7599983215332,49.0099983215332,47.23799896240234,47.29199981689453,41.6380729675293,4817500,0.0,0.0,ICE,ICE
2016-02-11,46.130001068115234,47.2400016784668,45.698001861572266,46.63800048828125,41.0622673034668,6435500,0.0,0.0,ICE,ICE
2016-02-12,47.31399917602539,47.31399917602539,46.20800018310547,47.25600051879883,41.60638427734375,4147500,0.0,0.0,ICE,ICE
2016-02-16,47.71599960327149,48.09999847412109,47.01800155639648,47.57799911499024,41.88988494873047,4869000,0.0,0.0,ICE,ICE
2016-02-17,47.70800018310547,49.540000915527344,47.70800018310547,49.27799987792969,43.38664627075195,4938500,0.0,0.0,ICE,ICE
2016-02-18,49.20000076293945,49.400001525878906,48.512001037597656,48.790000915527344,42.957008361816406,2698500,0.0,0.0,ICE,ICE
2016-02-19,48.67399978637695,49.94400024414063,48.30799865722656,49.61399841308594,43.68247604370117,3814000,0.0,0.0,ICE,ICE
2016-02-22,50.21200180053711,50.742000579833984,49.07799911499024,49.34199905395508,43.44300079345703,3653500,0.0,0.0,ICE,ICE
2016-02-23,49.4640007019043,49.70000076293945,47.95000076293945,48.32799911499024,42.55022811889648,4671000,0.0,0.0,ICE,ICE
2016-02-24,48.0,48.98600006103516,47.6259994506836,48.86600112915039,43.02391052246094,3189500,0.0,0.0,ICE,ICE
2016-02-25,48.869998931884766,49.34000015258789,48.31399917602539,49.00600051879883,43.14716720581055,3210500,0.0,0.0,ICE,ICE
2016-02-26,49.05400085449219,49.1879997253418,47.9119987487793,47.98799896240234,42.25087356567383,6366000,0.0,0.0,ICE,ICE
2016-02-29,47.7859992980957,48.15999984741211,47.09999847412109,47.69200134277344,41.99025344848633,3543000,0.0,0.0,ICE,ICE
2016-03-01,46.56399917602539,46.698001861572266,45.540000915527344,46.41600036621094,40.86681365966797,13459500,0.0,0.0,ICE,ICE
2016-03-02,46.810001373291016,46.810001373291016,45.86199951171875,46.391998291015625,40.84568786621094,8081500,0.0,0.0,ICE,ICE
2016-03-03,46.08599853515625,47.44599914550781,46.08599853515625,47.38800048828125,41.72261047363281,4444500,0.0,0.0,ICE,ICE
2016-03-04,47.43999862670898,48.07400131225586,46.97200012207031,47.79999923706055,42.08534240722656,4382000,0.0,0.0,ICE,ICE
2016-03-07,47.25600051879883,47.54999923706055,46.4739990234375,46.85599899291992,41.25419998168945,3658000,0.0,0.0,ICE,ICE
2016-03-08,46.31600189208984,47.20000076293945,46.3120002746582,46.60599899291992,41.03408050537109,3982500,0.0,0.0,ICE,ICE
2016-03-09,46.70000076293945,46.76800155639648,45.44400024414063,45.99399948120117,40.49526977539063,6537000,0.0,0.0,ICE,ICE
2016-03-10,46.27799987792969,46.641998291015625,45.90999984741211,46.422000885009766,40.8720817565918,3911500,0.0,0.0,ICE,ICE
2016-03-11,46.650001525878906,47.53799819946289,46.650001525878906,47.198001861572266,41.55532455444336,3840000,0.0,0.0,ICE,ICE
2016-03-14,46.900001525878906,47.512001037597656,46.900001525878906,47.27399826049805,41.77268981933594,2100000,0.17,0.0,ICE,ICE
2016-03-15,46.85599899291992,47.5880012512207,46.85599899291992,47.310001373291016,41.80450439453125,2229000,0.0,0.0,ICE,ICE
2016-03-16,47.34400177001953,47.43999862670898,46.52799987792969,46.630001068115234,41.20363998413086,2697000,0.0,0.0,ICE,ICE
2016-03-17,46.78200149536133,47.40999984741211,46.62200164794922,47.22200012207031,41.72673416137695,3255000,0.0,0.0,ICE,ICE
2016-03-18,47.4119987487793,47.59000015258789,46.71599960327149,47.5,41.97239303588867,5292500,0.0,0.0,ICE,ICE
2016-03-21,47.41400146484375,47.854000091552734,47.27399826049805,47.41999816894531,41.90169525146485,2575500,0.0,0.0,ICE,ICE
2016-03-22,47.0,47.58000183105469,46.900001525878906,47.03799819946289,41.56414794921875,2261500,0.0,0.0,ICE,ICE
2016-03-23,47.06600189208984,47.608001708984375,46.95000076293945,47.310001373291016,41.80450439453125,2375500,0.0,0.0,ICE,ICE
2016-03-24,47.07600021362305,47.28799819946289,46.57600021362305,46.869998931884766,41.41569519042969,2598000,0.0,0.0,ICE,ICE
2016-03-28,46.880001068115234,47.38399887084961,46.79800033569336,47.0,41.53057098388672,2391000,0.0,0.0,ICE,ICE
2016-03-29,46.96799850463867,47.09999847412109,46.39400100708008,46.93600082397461,41.47402191162109,2777000,0.0,0.0,ICE,ICE
2016-03-30,47.16400146484375,47.37200164794922,46.507999420166016,46.641998291015625,41.21422576904297,3560500,0.0,0.0,ICE,ICE
2016-03-31,46.39599990844727,47.18399810791016,46.242000579833984,47.02799987792969,41.55532455444336,5883000,0.0,0.0,ICE,ICE
2016-04-01,46.97200012207031,47.56800079345703,46.7140007019043,47.13999938964844,41.65428924560547,3051000,0.0,0.0,ICE,ICE
2016-04-04,47.04999923706055,47.36800003051758,46.56800079345703,47.29999923706055,41.79566192626953,4323000,0.0,0.0,ICE,ICE
2016-04-05,47.07600021362305,47.76599884033203,46.75199890136719,47.44200134277344,41.921142578125,4575000,0.0,0.0,ICE,ICE
2016-04-06,47.38399887084961,47.608001708984375,46.72600173950195,47.57400131225586,42.03778839111328,4566500,0.0,0.0,ICE,ICE
2016-04-07,47.32799911499024,47.805999755859375,46.61600112915039,46.902000427246094,41.443992614746094,3974000,0.0,0.0,ICE,ICE
2016-04-08,47.0359992980957,47.19400024414063,46.56999969482422,46.70399856567383,41.26902389526367,3190000,0.0,0.0,ICE,ICE
2016-04-11,46.84799957275391,47.007999420166016,46.3380012512207,46.49599838256836,41.08522415161133,2497500,0.0,0.0,ICE,ICE
2016-04-12,46.66600036621094,46.81600189208984,45.8759994506836,46.59999847412109,41.1771240234375,2994000,0.0,0.0,ICE,ICE
2016-04-13,47.04600143432617,47.54999923706055,46.422000885009766,47.50199890136719,41.974151611328125,3323000,0.0,0.0,ICE,ICE
2016-04-14,47.38199996948242,47.79800033569336,47.17399978637695,47.35599899291992,41.84514617919922,3414500,0.0,0.0,ICE,ICE
2016-04-15,47.41999816894531,47.87799835205078,47.30400085449219,47.70000076293945,42.14912414550781,2504500,0.0,0.0,ICE,ICE
2016-04-18,47.5880012512207,48.11800003051758,47.540000915527344,47.88600158691406,42.31348419189453,2903500,0.0,0.0,ICE,ICE
2016-04-19,47.762001037597656,48.44400024414063,47.67399978637695,48.41999816894531,42.78532791137695,3483500,0.0,0.0,ICE,ICE
2016-04-20,48.540000915527344,48.672000885009766,48.08399963378906,48.52000045776367,42.87369155883789,2617000,0.0,0.0,ICE,ICE
2016-04-21,48.32400131225586,48.48400115966797,47.959999084472656,48.03200149536133,42.44248962402344,2528500,0.0,0.0,ICE,ICE
2016-04-22,48.06800079345703,48.5099983215332,47.97999954223633,48.22999954223633,42.6174430847168,2898000,0.0,0.0,ICE,ICE
2016-04-25,48.130001068115234,48.29999923706055,47.92599868774414,48.08200073242188,42.486663818359375,2897000,0.0,0.0,ICE,ICE
2016-04-26,48.24800109863281,48.902000427246094,48.0,48.8759994506836,43.188262939453125,2367500,0.0,0.0,ICE,ICE
2016-04-27,48.76399993896485,48.92599868774414,48.25,48.698001861572266,43.030982971191406,2000000,0.0,0.0,ICE,ICE
2016-04-28,48.28799819946289,48.71200180053711,48.03400039672852,48.172000885009766,42.566184997558594,1738000,0.0,0.0,ICE,ICE
2016-04-29,47.89599990844727,48.15599822998047,47.63199996948242,48.00600051879883,42.41950225830078,3020500,0.0,0.0,ICE,ICE
2016-05-02,48.10599899291992,48.95000076293945,47.88199996948242,48.93600082397461,43.24128723144531,4452000,0.0,0.0,ICE,ICE
2016-05-03,48.45399856567383,48.757999420166016,47.619998931884766,48.19599914550781,42.587398529052734,3408000,0.0,0.0,ICE,ICE
2016-05-04,51.00199890136719,52.540000915527344,51.00199890136719,51.698001861572266,45.681861877441406,14339000,0.0,0.0,ICE,ICE
2016-05-05,51.79999923706055,52.01800155639648,50.76599884033203,50.80400085449219,44.89189910888672,7107000,0.0,0.0,ICE,ICE
2016-05-06,50.79399871826172,51.7140007019043,50.56399917602539,51.63199996948242,45.62353515625,3986500,0.0,0.0,ICE,ICE
2016-05-09,51.74399948120117,52.47999954223633,51.68399810791016,52.09999847412109,46.03709030151367,5617000,0.0,0.0,ICE,ICE
2016-05-10,52.10599899291992,52.52000045776367,51.86399841308594,52.20399856567383,46.12897491455078,5001500,0.0,0.0,ICE,ICE
2016-05-11,52.16600036621094,52.32400131225586,51.51599884033203,51.709999084472656,45.69246292114258,2994000,0.0,0.0,ICE,ICE
2016-05-12,52.01800155639648,52.65800094604492,51.67399978637695,52.428001403808594,46.326927185058594,2766500,0.0,0.0,ICE,ICE
2016-05-13,52.22200012207031,52.6619987487793,51.97999954223633,51.99800109863281,45.94697570800781,3528000,0.0,0.0,ICE,ICE
2016-05-16,52.13199996948242,52.619998931884766,51.86199951171875,52.321998596191406,46.23324966430664,3592500,0.0,0.0,ICE,ICE
2016-05-17,52.20000076293945,52.49800109863281,51.26399993896485,51.51599884033203,45.52104187011719,3748500,0.0,0.0,ICE,ICE
2016-05-18,51.400001525878906,52.33200073242188,51.23799896240234,52.29199981689453,46.20674514770508,3054500,0.0,0.0,ICE,ICE
2016-05-19,52.29999923706055,52.59600067138672,51.90800094604492,52.1259994506836,46.06006240844727,4610500,0.0,0.0,ICE,ICE
2016-05-20,52.448001861572266,53.124000549316406,52.34999847412109,52.59799957275391,46.47713851928711,5796000,0.0,0.0,ICE,ICE
2016-05-23,52.45800018310547,52.93399810791016,52.29999923706055,52.79600143432617,46.65210723876953,3196000,0.0,0.0,ICE,ICE
2016-05-24,52.902000427246094,54.29399871826172,52.79800033569336,54.13800048828125,47.83792495727539,6396500,0.0,0.0,ICE,ICE
2016-05-25,54.15999984741211,54.34400177001953,53.87799835205078,54.0,47.71599578857422,3890500,0.0,0.0,ICE,ICE
2016-05-26,53.89599990844727,54.04999923706055,53.417999267578125,53.59999847412109,47.3625373840332,3203500,0.0,0.0,ICE,ICE
2016-05-27,53.88399887084961,54.141998291015625,53.59600067138672,54.04199981689453,47.75309753417969,2842500,0.0,0.0,ICE,ICE
2016-05-31,54.2400016784668,54.38999938964844,53.880001068115234,54.2239990234375,47.91391372680664,3266500,0.0,0.0,ICE,ICE
2016-06-01,54.2239990234375,54.2239990234375,53.20800018310547,53.81600189208984,47.55340194702149,3996000,0.0,0.0,ICE,ICE
2016-06-02,53.56800079345703,53.79199981689453,53.11000061035156,53.448001861572266,47.22822189331055,3801500,0.0,0.0,ICE,ICE
2016-06-03,53.00600051879883,53.17599868774414,52.604000091552734,53.10200119018555,46.922489166259766,4872000,0.0,0.0,ICE,ICE
2016-06-06,53.06399917602539,53.15599822998047,52.34999847412109,52.900001525878906,46.743988037109375,4609500,0.0,0.0,ICE,ICE
2016-06-07,52.902000427246094,53.4119987487793,52.85599899291992,53.05799865722656,46.88360977172852,3855000,0.0,0.0,ICE,ICE
2016-06-08,52.91999816894531,53.02999877929688,52.630001068115234,52.9640007019043,46.80055618286133,2272500,0.0,0.0,ICE,ICE
2016-06-09,52.68000030517578,52.78799819946289,52.27399826049805,52.50400161743164,46.394081115722656,3510500,0.0,0.0,ICE,ICE
2016-06-10,52.21799850463867,52.512001037597656,52.0260009765625,52.257999420166016,46.17669677734375,2980500,0.0,0.0,ICE,ICE
2016-06-13,52.0,52.55400085449219,51.68199920654297,52.11199951171875,46.04769515991211,3665500,0.0,0.0,ICE,ICE
2016-06-14,51.7859992980957,52.18199920654297,51.40800094604492,51.604000091552734,45.74803924560547,3985500,0.17,0.0,ICE,ICE
2016-06-15,51.63999938964844,52.04600143432617,51.19400024414063,51.305999755859375,45.483863830566406,3974500,0.0,0.0,ICE,ICE
2016-06-16,50.92599868774414,51.45399856567383,50.68399810791016,51.3120002746582,45.48917388916016,2927000,0.0,0.0,ICE,ICE
2016-06-17,51.34999847412109,51.36000061035156,50.65999984741211,50.73199844360352,44.97501373291016,3280500,0.0,0.0,ICE,ICE
2016-06-20,51.13199996948242,51.62799835205078,50.400001525878906,50.43999862670898,44.71614837646485,4078500,0.0,0.0,ICE,ICE
2016-06-21,50.49399948120117,50.69400024414063,50.13999938964844,50.19200134277344,44.49626922607422,3463500,0.0,0.0,ICE,ICE
2016-06-22,50.29199981689453,50.46599960327149,49.91600036621094,50.400001525878906,44.68066787719727,3391500,0.0,0.0,ICE,ICE
2016-06-23,50.82600021362305,51.242000579833984,50.71599960327149,51.209999084472656,45.39876174926758,3844500,0.0,0.0,ICE,ICE
2016-06-24,49.56399917602539,50.44200134277344,49.150001525878906,49.27999877929688,43.687767028808594,12361500,0.0,0.0,ICE,ICE
2016-06-27,49.055999755859375,49.055999755859375,48.150001525878906,48.44200134277344,42.94486618041992,4475500,0.0,0.0,ICE,ICE
2016-06-28,48.82400131225586,49.66600036621094,48.4379997253418,49.66600036621094,44.02997970581055,5460500,0.0,0.0,ICE,ICE
2016-06-29,50.02799987792969,50.71599960327149,49.86600112915039,50.55199813842773,44.81543731689453,4377000,0.0,0.0,ICE,ICE
2016-06-30,50.60200119018555,51.34999847412109,50.321998596191406,51.19200134277344,45.38279724121094,4280000,0.0,0.0,ICE,ICE
2016-07-01,50.98400115966797,51.54800033569336,50.48600006103516,50.54800033569336,44.8118782043457,2740500,0.0,0.0,ICE,ICE
2016-07-05,50.21200180053711,51.055999755859375,50.178001403808594,50.9739990234375,45.18953704833984,2731500,0.0,0.0,ICE,ICE
2016-07-06,50.63600158691406,51.03799819946289,50.44599914550781,50.97600173950195,45.19131088256836,3859000,0.0,0.0,ICE,ICE
2016-07-07,50.96799850463867,51.19599914550781,50.26599884033203,50.79199981689453,45.0281982421875,3344000,0.0,0.0,ICE,ICE
2016-07-08,50.84999847412109,51.709999084472656,50.84999847412109,51.37799835205078,45.54768753051758,2346500,0.0,0.0,ICE,ICE
2016-07-11,51.38999938964844,51.6879997253418,51.124000549316406,51.5880012512207,45.73386001586914,1897500,0.0,0.0,ICE,ICE
2016-07-12,51.90999984741211,52.23400115966797,51.6619987487793,52.09600067138672,46.1842041015625,3095500,0.0,0.0,ICE,ICE
2016-07-13,52.40999984741211,52.40999984741211,51.71599960327149,51.91600036621094,46.02463912963867,1821000,0.0,0.0,ICE,ICE
2016-07-14,52.400001525878906,52.507999420166016,52.10599899291992,52.507999420166016,46.549461364746094,1978000,0.0,0.0,ICE,ICE
2016-07-15,52.698001861572266,52.698001861572266,52.49599838256836,52.61000061035156,46.6398811340332,2296500,0.0,0.0,ICE,ICE
2016-07-18,52.63600158691406,52.88999938964844,52.43600082397461,52.58200073242188,46.61507034301758,2020000,0.0,0.0,ICE,ICE
2016-07-19,52.29600143432617,53.03400039672852,52.25400161743164,52.83399963378906,46.83847427368164,1545000,0.0,0.0,ICE,ICE
2016-07-20,53.0,53.0,52.4739990234375,52.540000915527344,46.57783508300781,3432000,0.0,0.0,ICE,ICE
2016-07-21,52.3759994506836,52.51399993896485,52.14599990844727,52.48799896240234,46.53173828125,1464500,0.0,0.0,ICE,ICE
2016-07-22,52.72600173950195,52.73199844360352,52.51800155639648,52.63399887084961,46.66116714477539,1401000,0.0,0.0,ICE,ICE
2016-07-25,52.59400177001953,52.71200180053711,52.30799865722656,52.68199920654297,46.70371627807617,1518000,0.0,0.0,ICE,ICE
2016-07-26,52.54600143432617,52.72999954223633,52.21599960327149,52.41999816894531,46.471458435058594,1286000,0.0,0.0,ICE,ICE
2016-07-27,52.42399978637695,52.93399810791016,52.42399978637695,52.80799865722656,46.81541061401367,1866000,0.0,0.0,ICE,ICE
2016-07-28,52.70800018310547,53.21200180053711,52.619998931884766,53.05199813842773,47.03172302246094,2936000,0.0,0.0,ICE,ICE
2016-07-29,52.970001220703125,53.22800064086914,52.80799865722656,52.84000015258789,46.84378433227539,1873500,0.0,0.0,ICE,ICE
2016-08-01,52.93999862670898,53.0359992980957,52.67399978637695,52.92599868774414,46.9200325012207,2236000,0.0,0.0,ICE,ICE
2016-08-02,52.854000091552734,52.854000091552734,52.45000076293945,52.7859992980957,46.79590606689453,3097000,0.0,0.0,ICE,ICE
2016-08-03,54.21200180053711,56.650001525878906,54.00199890136719,55.604000091552734,49.294132232666016,10269500,0.0,0.0,ICE,ICE
2016-08-04,55.70399856567383,56.00199890136719,55.34999847412109,55.667999267578125,49.35086441040039,3666500,0.0,0.0,ICE,ICE
2016-08-05,56.01399993896485,56.04800033569336,55.25600051879883,55.61399841308594,49.303001403808594,3286500,0.0,0.0,ICE,ICE
2016-08-08,55.47600173950195,55.47600173950195,54.90599822998047,55.36000061035156,49.077823638916016,2953000,0.0,0.0,ICE,ICE
2016-08-09,55.45800018310547,55.51399993896485,55.198001861572266,55.39400100708008,49.10797119140625,1960000,0.0,0.0,ICE,ICE
2016-08-10,55.35200119018555,55.45600128173828,55.12799835205078,55.36600112915039,49.08314514160156,1937000,0.0,0.0,ICE,ICE
2016-08-11,55.61600112915039,55.75400161743164,55.22600173950195,55.720001220703125,49.3969612121582,1798000,0.0,0.0,ICE,ICE
2016-08-12,55.36000061035156,55.79199981689453,55.25600051879883,55.72800064086914,49.40406799316406,1714000,0.0,0.0,ICE,ICE
2016-08-15,55.93399810791016,56.06399917602539,55.73199844360352,56.00400161743164,49.64874649047852,2393000,0.0,0.0,ICE,ICE
2016-08-16,55.79999923706055,56.11600112915039,55.62200164794922,55.62200164794922,49.310089111328125,1932500,0.0,0.0,ICE,ICE
2016-08-17,55.72200012207031,56.36199951171875,55.672000885009766,56.30400085449219,49.91469955444336,2056500,0.0,0.0,ICE,ICE
2016-08-18,56.2760009765625,56.38399887084961,56.150001525878906,56.27199935913086,49.88631820678711,1989000,0.0,0.0,ICE,ICE
2016-08-19,56.21200180053711,56.37799835205078,55.83399963378906,56.06600189208984,49.70371627807617,1828500,0.0,0.0,ICE,ICE
2016-08-22,56.06600189208984,56.15599822998047,55.81800079345703,55.89799880981445,49.55476379394531,1676000,0.0,0.0,ICE,ICE
2016-08-23,56.2599983215332,56.2599983215332,55.72600173950195,55.7760009765625,49.44663238525391,1542000,0.0,0.0,ICE,ICE
2016-08-24,55.65399932861328,55.75400161743164,55.310001373291016,55.428001403808594,49.13810348510742,2212000,0.0,0.0,ICE,ICE
2016-08-25,55.32799911499024,55.50199890136719,55.209999084472656,55.43600082397461,49.14520263671875,1888000,0.0,0.0,ICE,ICE
2016-08-26,55.560001373291016,55.86800003051758,55.209999084472656,55.5359992980957,49.23385238647461,1674000,0.0,0.0,ICE,ICE
2016-08-29,55.540000915527344,56.08000183105469,55.459999084472656,55.71200180053711,49.38987350463867,2274500,0.0,0.0,ICE,ICE
2016-08-30,55.77399826049805,56.02999877929688,55.35599899291992,55.992000579833984,49.63809585571289,2975000,0.0,0.0,ICE,ICE
2016-08-31,55.854000091552734,56.43000030517578,55.74800109863281,56.40399932861328,50.00335693359375,3154500,0.0,0.0,ICE,ICE
2016-09-01,56.51399993896485,57.29399871826172,56.33200073242188,56.869998931884766,50.41647338867188,3703500,0.0,0.0,ICE,ICE
2016-09-02,57.04399871826172,57.11399841308594,56.70399856567383,57.07400131225586,50.59731674194336,1921000,0.0,0.0,ICE,ICE
2016-09-06,57.141998291015625,57.40399932861328,56.7599983215332,56.97200012207031,50.50690078735352,3946000,0.0,0.0,ICE,ICE
2016-09-07,56.624000549316406,56.79199981689453,56.33000183105469,56.72999954223633,50.2923583984375,2363000,0.0,0.0,ICE,ICE
2016-09-08,56.61000061035156,56.70000076293945,56.31999969482422,56.50600051879883,50.0937728881836,2683000,0.0,0.0,ICE,ICE
2016-09-09,56.34199905395508,56.667999267578125,56.071998596191406,56.45000076293945,50.04413604736328,4113500,0.0,0.0,ICE,ICE
2016-09-12,55.7599983215332,57.14599990844727,55.7599983215332,56.99800109863281,50.52993392944336,4145500,0.0,0.0,ICE,ICE
2016-09-13,56.619998931884766,56.83200073242188,56.12799835205078,56.33000183105469,49.93776321411133,4095000,0.0,0.0,ICE,ICE
2016-09-14,56.15800094604492,56.45199966430664,55.922000885009766,55.959999084472656,49.75990295410156,4206000,0.17,0.0,ICE,ICE
2016-09-15,55.9739990234375,56.52000045776367,55.96200180053711,56.34400177001953,50.10137176513672,2561000,0.0,0.0,ICE,ICE
2016-09-16,56.13999938964844,56.4119987487793,55.84000015258789,56.29999923706055,50.06222534179688,3187000,0.0,0.0,ICE,ICE
2016-09-19,56.44599914550781,56.6879997253418,56.2239990234375,56.45000076293945,50.195613861083984,1803000,0.0,0.0,ICE,ICE
2016-09-20,56.54800033569336,56.76599884033203,56.04199981689453,56.04199981689453,49.83281707763672,1459000,0.0,0.0,ICE,ICE
2016-09-21,56.16999816894531,56.50400161743164,56.0,56.45199966430664,50.1973991394043,1703000,0.0,0.0,ICE,ICE
2016-09-22,56.650001525878906,56.720001220703125,55.9119987487793,56.14400100708008,49.92351913452149,1952000,0.0,0.0,ICE,ICE
2016-09-23,56.06600189208984,56.071998596191406,55.22200012207031,55.22200012207031,49.10366821289063,2997500,0.0,0.0,ICE,ICE
2016-09-26,55.150001525878906,55.28400039672852,54.65999984741211,54.80799865722656,48.735538482666016,2608000,0.0,0.0,ICE,ICE
2016-09-27,54.678001403808594,54.97600173950195,54.47600173950195,54.70600128173828,48.64484405517578,2403000,0.0,0.0,ICE,ICE
2016-09-28,54.76599884033203,54.87799835205078,53.88600158691406,54.19200134277344,48.187801361083984,3871000,0.0,0.0,ICE,ICE
2016-09-29,54.00600051879883,54.5,53.41600036621094,53.68000030517578,47.732521057128906,2953500,0.0,0.0,ICE,ICE
2016-09-30,53.970001220703125,54.21200180053711,53.79999923706055,53.87200164794922,47.90324401855469,3410500,0.0,0.0,ICE,ICE
2016-10-03,53.667999267578125,53.922000885009766,53.43600082397461,53.53400039672852,47.60269927978516,4497000,0.0,0.0,ICE,ICE
2016-10-04,53.59799957275391,54.04999923706055,53.47600173950195,53.55199813842773,47.61869430541992,2449000,0.0,0.0,ICE,ICE
2016-10-05,53.59199905395508,53.72800064086914,53.32600021362305,53.6619987487793,47.71651077270508,3207500,0.0,0.0,ICE,ICE
2016-10-06,53.507999420166016,53.67599868774414,53.354000091552734,53.54399871826172,47.611576080322266,1792500,0.0,0.0,ICE,ICE
2016-10-07,53.619998931884766,53.65399932861328,53.15599822998047,53.46200180053711,47.538673400878906,1692500,0.0,0.0,ICE,ICE
2016-10-10,53.77199935913086,53.959999084472656,53.38800048828125,53.68000030517578,47.732521057128906,2680000,0.0,0.0,ICE,ICE
2016-10-11,53.70000076293945,53.82799911499024,52.98400115966797,53.06999969482422,47.19009780883789,3266500,0.0,0.0,ICE,ICE
2016-10-12,53.15999984741211,53.55199813842773,52.90999984741211,53.46599960327149,47.54221725463867,2350500,0.0,0.0,ICE,ICE
2016-10-13,53.17399978637695,53.391998291015625,52.93399810791016,53.3120002746582,47.40530014038086,3073000,0.0,0.0,ICE,ICE
2016-10-14,53.69599914550781,54.50199890136719,53.57400131225586,54.257999420166016,48.24648284912109,3297000,0.0,0.0,ICE,ICE
2016-10-17,54.242000579833984,54.38600158691406,53.14799880981445,53.178001403808594,47.28614044189453,2349500,0.0,0.0,ICE,ICE
2016-10-18,53.66999816894531,53.95000076293945,53.220001220703125,53.52999877929688,47.59913635253906,1899000,0.0,0.0,ICE,ICE
2016-10-19,53.73400115966797,53.83399963378906,53.20600128173828,53.4119987487793,47.49422073364258,1899000,0.0,0.0,ICE,ICE
2016-10-20,53.38199996948242,53.59600067138672,53.00199890136719,53.00600051879883,47.13319778442383,2023000,0.0,0.0,ICE,ICE
2016-10-21,52.73600006103516,53.39799880981445,52.619998931884766,53.26599884033203,47.3643913269043,2494500,0.0,0.0,ICE,ICE
2016-10-24,53.42599868774414,53.42599868774414,53.14400100708008,53.30799865722656,47.401737213134766,1549000,0.0,0.0,ICE,ICE
2016-10-25,53.20000076293945,53.76800155639648,53.20000076293945,53.38800048828125,47.47286987304688,1972000,0.0,0.0,ICE,ICE
2016-10-26,53.18600082397461,53.57400131225586,53.18000030517578,53.26399993896485,47.36261367797852,2019500,0.0,0.0,ICE,ICE
2016-10-27,53.354000091552734,53.48199844360352,53.01800155639648,53.22200012207031,47.32524871826172,2778000,0.0,0.0,ICE,ICE
2016-10-28,53.22200012207031,53.72800064086914,53.071998596191406,53.56600189208984,47.631160736083984,2674500,0.0,0.0,ICE,ICE
2016-10-31,53.65399932861328,54.40999984741211,53.29199981689453,54.07799911499024,48.08642578125,4055000,0.0,0.0,ICE,ICE
2016-11-01,53.59999847412109,53.92599868774414,52.26599884033203,52.61000061035156,46.781063079833984,6879500,0.0,0.0,ICE,ICE
2016-11-02,52.52199935913086,53.29999923706055,52.52199935913086,53.04399871826172,47.16698455810547,3937000,0.0,0.0,ICE,ICE
2016-11-03,53.28200149536133,53.91400146484375,53.23799896240234,53.89400100708008,47.922813415527344,3704000,0.0,0.0,ICE,ICE
2016-11-04,53.90999984741211,54.02000045776367,53.27000045776367,53.369998931884766,47.45685958862305,2230400,0.0,5.0,ICE,ICE
2016-11-07,54.150001525878906,54.5,54.02999877929688,54.43000030517578,48.39942169189453,3395800,0.0,0.0,ICE,ICE
2016-11-08,54.47999954223633,54.84000015258789,54.18999862670898,54.619998931884766,48.56837463378906,2192300,0.0,0.0,ICE,ICE
2016-11-09,55.18999862670898,57.56999969482422,54.5,57.34000015258789,50.98701477050781,4937000,0.0,0.0,ICE,ICE
2016-11-10,57.9900016784668,58.70000076293945,57.119998931884766,57.29999923706055,50.951446533203125,3780300,0.0,0.0,ICE,ICE
2016-11-11,57.20000076293945,57.29999923706055,55.90999984741211,56.25,50.01777267456055,3415700,0.0,0.0,ICE,ICE
2016-11-14,56.400001525878906,56.4900016784668,55.060001373291016,55.59000015258789,49.43089294433594,3968800,0.0,0.0,ICE,ICE
2016-11-15,55.43000030517578,55.720001220703125,54.90999984741211,55.5,49.35085678100586,2855700,0.0,0.0,ICE,ICE
2016-11-16,55.09999847412109,55.36000061035156,54.20000076293945,54.45000076293945,48.41720581054688,4521800,0.0,0.0,ICE,ICE
2016-11-17,54.5099983215332,55.15999984741211,54.34000015258789,54.900001525878906,48.81734848022461,3179500,0.0,0.0,ICE,ICE
2016-11-18,54.709999084472656,55.02999877929688,54.70000076293945,54.81999969482422,48.746219635009766,3369300,0.0,0.0,ICE,ICE
2016-11-21,54.93999862670898,55.18000030517578,54.52000045776367,55.18000030517578,49.06632614135742,3315700,0.0,0.0,ICE,ICE
2016-11-22,55.31999969482422,55.33000183105469,54.22999954223633,54.40999984741211,48.381629943847656,3086700,0.0,0.0,ICE,ICE
2016-11-23,54.34000015258789,54.630001068115234,53.90999984741211,54.33000183105469,48.310489654541016,2557400,0.0,0.0,ICE,ICE
2016-11-25,54.47999954223633,54.68999862670898,54.20000076293945,54.68999862670898,48.630615234375,735500,0.0,0.0,ICE,ICE
2016-11-28,54.65999984741211,54.790000915527344,54.02999877929688,54.08000183105469,48.08820724487305,2151300,0.0,0.0,ICE,ICE
2016-11-29,54.34999847412109,54.93999862670898,53.95000076293945,54.84000015258789,48.764007568359375,3023200,0.0,0.0,ICE,ICE
2016-11-30,55.31999969482422,55.86000061035156,55.2599983215332,55.400001525878906,49.2619514465332,5473600,0.0,0.0,ICE,ICE
2016-12-01,55.5,56.400001525878906,55.380001068115234,56.34999847412109,50.106693267822266,4135200,0.0,0.0,ICE,ICE
2016-12-02,56.38999938964844,56.7400016784668,56.0,56.650001525878906,50.37345504760742,3148200,0.0,0.0,ICE,ICE
2016-12-05,56.900001525878906,57.86000061035156,56.84999847412109,57.790000915527344,51.387149810791016,4219600,0.0,0.0,ICE,ICE
2016-12-06,57.79999923706055,58.619998931884766,57.63999938964844,58.560001373291016,52.07184600830078,3809100,0.0,0.0,ICE,ICE
2016-12-07,58.81999969482422,59.41999816894531,58.63999938964844,59.08000183105469,52.53422164916992,4086600,0.0,0.0,ICE,ICE
2016-12-08,59.41999816894531,59.56999969482422,58.86000061035156,59.459999084472656,52.87212371826172,3234300,0.0,0.0,ICE,ICE
2016-12-09,59.400001525878906,59.86000061035156,59.04999923706055,59.65999984741211,53.04996490478516,2170500,0.0,0.0,ICE,ICE
2016-12-12,59.61000061035156,59.83000183105469,59.0099983215332,59.59000015258789,52.98772811889648,3461200,0.0,0.0,ICE,ICE
2016-12-13,59.619998931884766,59.81999969482422,59.209999084472656,59.40999984741211,52.97879409790039,1971000,0.17,0.0,ICE,ICE
2016-12-14,59.31999969482422,59.5,58.29999923706055,58.369998931884766,52.05137634277344,4929300,0.0,0.0,ICE,ICE
2016-12-15,58.63999938964844,59.470001220703125,58.25,58.33000183105469,52.01572036743164,3688600,0.0,0.0,ICE,ICE
2016-12-16,58.63999938964844,59.400001525878906,57.84000015258789,57.91999816894531,51.65009307861328,4929100,0.0,0.0,ICE,ICE
2016-12-19,57.790000915527344,57.9900016784668,57.36000061035156,57.65999984741211,51.41823959350586,2667400,0.0,0.0,ICE,ICE
2016-12-20,58.0099983215332,58.06999969482422,57.41999816894531,58.06999969482422,51.78386688232422,2291400,0.0,0.0,ICE,ICE
2016-12-21,58.06999969482422,58.06999969482422,57.290000915527344,57.33000183105469,51.12395858764648,1760000,0.0,0.0,ICE,ICE
2016-12-22,57.27999877929688,57.27999877929688,56.83000183105469,57.27999877929688,51.07938003540039,1682100,0.0,0.0,ICE,ICE
2016-12-23,57.209999084472656,57.45000076293945,56.630001068115234,56.81999969482422,50.66917419433594,1830100,0.0,0.0,ICE,ICE
2016-12-27,57.119998931884766,57.41999816894531,56.88999938964844,57.27999877929688,51.07938003540039,1093000,0.0,0.0,ICE,ICE
2016-12-28,57.310001373291016,57.470001220703125,56.619998931884766,56.650001525878906,50.517574310302734,1375500,0.0,0.0,ICE,ICE
2016-12-29,56.81999969482422,56.84999847412109,56.36000061035156,56.4900016784668,50.37490463256836,1156600,0.0,0.0,ICE,ICE
2016-12-30,56.70000076293945,56.900001525878906,56.2400016784668,56.41999816894531,50.31246948242188,1844400,0.0,0.0,ICE,ICE
2017-01-03,56.900001525878906,56.959999084472656,55.79999923706055,56.220001220703125,50.13412857055664,2595000,0.0,0.0,ICE,ICE
2017-01-04,56.459999084472656,57.459999084472656,56.31999969482422,57.209999084472656,51.01696014404297,3074900,0.0,0.0,ICE,ICE
2017-01-05,57.02000045776367,57.720001220703125,56.70000076293945,56.970001220703125,50.80293273925781,1636800,0.0,0.0,ICE,ICE
2017-01-06,57.040000915527344,57.540000915527344,56.900001525878906,57.34000015258789,51.13288879394531,1490100,0.0,0.0,ICE,ICE
2017-01-09,57.27999877929688,57.68999862670898,56.88999938964844,57.02000045776367,50.8475227355957,1472100,0.0,0.0,ICE,ICE
2017-01-10,57.11000061035156,57.15999984741211,56.68000030517578,56.77000045776367,50.62458801269531,1646400,0.0,0.0,ICE,ICE
2017-01-11,56.90999984741211,56.959999084472656,56.040000915527344,56.84000015258789,50.68701171875,3852100,0.0,0.0,ICE,ICE
2017-01-12,56.52999877929688,56.97999954223633,55.79999923706055,56.720001220703125,50.579986572265625,4289600,0.0,0.0,ICE,ICE
2017-01-13,57.060001373291016,57.43999862670898,56.66999816894531,56.83000183105469,50.6780891418457,1963300,0.0,0.0,ICE,ICE
2017-01-17,56.72999954223633,56.77999877929688,56.16999816894531,56.459999084472656,50.34814834594727,1998500,0.0,0.0,ICE,ICE
2017-01-18,56.75,57.41999816894531,56.209999084472656,57.310001373291016,51.10613632202149,2072900,0.0,0.0,ICE,ICE
2017-01-19,57.36000061035156,57.43999862670898,56.95000076293945,56.959999084472656,50.79401397705078,1887400,0.0,0.0,ICE,ICE
2017-01-20,57.119998931884766,57.5,56.93000030517578,57.400001525878906,51.18638610839844,2001800,0.0,0.0,ICE,ICE
2017-01-23,57.18999862670898,57.43999862670898,56.68999862670898,56.84000015258789,50.68701171875,1545800,0.0,0.0,ICE,ICE
2017-01-24,56.9900016784668,57.68000030517578,56.91999816894531,57.459999084472656,51.239891052246094,1701600,0.0,0.0,ICE,ICE
2017-01-25,57.84000015258789,58.18999862670898,57.75,57.959999084472656,51.68575668334961,2531900,0.0,0.0,ICE,ICE
2017-01-26,58.150001525878906,58.869998931884766,56.9900016784668,58.16999816894531,51.87302017211914,1927500,0.0,0.0,ICE,ICE
2017-01-27,58.15999984741211,58.18999862670898,57.619998931884766,57.880001068115234,51.61443328857422,1309200,0.0,0.0,ICE,ICE
2017-01-30,57.880001068115234,57.970001220703125,57.25,57.93999862670898,51.667930603027344,1309500,0.0,0.0,ICE,ICE
2017-01-31,57.9900016784668,58.38999938964844,57.81999969482422,58.36000061035156,52.04246139526367,2458400,0.0,0.0,ICE,ICE
2017-02-01,58.41999816894531,58.959999084472656,58.13999938964844,58.34999847412109,52.03355026245117,2952100,0.0,0.0,ICE,ICE
2017-02-02,58.02000045776367,58.79999923706055,57.83000183105469,58.38999938964844,52.0692253112793,3733200,0.0,0.0,ICE,ICE
2017-02-03,58.880001068115234,59.0,58.45000076293945,58.540000915527344,52.20298385620117,3092500,0.0,0.0,ICE,ICE
2017-02-06,58.25,58.56999969482422,58.119998931884766,58.5099983215332,52.17620849609375,2879800,0.0,0.0,ICE,ICE
2017-02-07,59.27999877929688,60.540000915527344,59.27999877929688,59.93000030517578,53.44252014160156,7162800,0.0,0.0,ICE,ICE
2017-02-08,59.5,59.5,56.9900016784668,57.040000915527344,50.865352630615234,5603300,0.0,0.0,ICE,ICE
2017-02-09,57.040000915527344,57.65999984741211,56.79999923706055,57.58000183105469,51.346900939941406,3657200,0.0,0.0,ICE,ICE
2017-02-10,57.630001068115234,57.869998931884766,57.13999938964844,57.650001525878906,51.40932846069336,2975200,0.0,0.0,ICE,ICE
2017-02-13,58.119998931884766,59.11000061035156,57.81999969482422,59.02999877929688,52.63993835449219,2558600,0.0,0.0,ICE,ICE
2017-02-14,59.02999877929688,59.13999938964844,58.45000076293945,58.650001525878906,52.301082611083984,2914900,0.0,0.0,ICE,ICE
2017-02-15,58.72999954223633,59.119998931884766,58.33000183105469,59.0099983215332,52.62210464477539,3396800,0.0,0.0,ICE,ICE
2017-02-16,58.93999862670898,58.93999862670898,58.25,58.650001525878906,52.301082611083984,1809400,0.0,0.0,ICE,ICE
2017-02-17,58.52999877929688,58.79999923706055,58.29999923706055,58.400001525878906,52.07812881469727,2962900,0.0,0.0,ICE,ICE
2017-02-21,58.41999816894531,58.56999969482422,57.810001373291016,57.959999084472656,51.68575668334961,3150500,0.0,0.0,ICE,ICE
2017-02-22,57.59000015258789,57.9900016784668,57.459999084472656,57.72999954223633,51.480655670166016,2784500,0.0,0.0,ICE,ICE
2017-02-23,57.86000061035156,58.310001373291016,57.79999923706055,58.11000061035156,51.81953048706055,2973700,0.0,0.0,ICE,ICE
2017-02-24,57.77000045776367,58.619998931884766,57.66999816894531,58.29999923706055,51.98894500732422,2026300,0.0,0.0,ICE,ICE
2017-02-27,58.25,58.400001525878906,57.150001525878906,57.70000076293945,51.45391082763672,3092100,0.0,0.0,ICE,ICE
2017-02-28,57.47999954223633,57.63999938964844,56.970001220703125,57.130001068115234,50.94562911987305,3392400,0.0,0.0,ICE,ICE
2017-03-01,57.83000183105469,59.09999847412109,57.61000061035156,58.93000030517578,52.55075454711914,3869200,0.0,0.0,ICE,ICE
2017-03-02,58.88999938964844,58.97999954223633,58.369998931884766,58.52000045776367,52.185150146484375,2981500,0.0,0.0,ICE,ICE
2017-03-03,58.52000045776367,58.84999847412109,58.06999969482422,58.7400016784668,52.38133239746094,2992000,0.0,0.0,ICE,ICE
2017-03-06,58.41999816894531,59.220001220703125,58.09999847412109,59.02000045776367,52.63101959228516,3646300,0.0,0.0,ICE,ICE
2017-03-07,58.95000076293945,59.04999923706055,58.54999923706055,58.630001068115234,52.28325271606445,2656100,0.0,0.0,ICE,ICE
2017-03-08,58.86000061035156,59.47999954223633,58.650001525878906,59.38999938964844,52.960968017578125,3465900,0.0,0.0,ICE,ICE
2017-03-09,59.52999877929688,60.45000076293945,59.459999084472656,60.060001373291016,53.55842590332031,5102400,0.0,0.0,ICE,ICE
2017-03-10,60.33000183105469,60.86000061035156,59.77000045776367,60.2599983215332,53.73678588867188,3584400,0.0,0.0,ICE,ICE
2017-03-13,60.4900016784668,60.70000076293945,60.20000076293945,60.400001525878906,53.86164093017578,4264000,0.0,0.0,ICE,ICE
2017-03-14,60.20000076293945,60.68000030517578,60.02000045776367,60.209999084472656,53.870582580566406,3413800,0.2,0.0,ICE,ICE
2017-03-15,60.47999954223633,60.540000915527344,60.2400016784668,60.400001525878906,54.04057693481445,2791400,0.0,0.0,ICE,ICE
2017-03-16,60.56999969482422,61.58000183105469,60.5,61.54999923706055,55.06948852539063,3933200,0.0,0.0,ICE,ICE
2017-03-17,61.470001220703125,61.97999954223633,61.290000915527344,61.400001525878906,54.93529510498047,4871200,0.0,0.0,ICE,ICE
2017-03-20,61.2599983215332,61.470001220703125,60.970001220703125,61.0,54.57740783691406,2321100,0.0,0.0,ICE,ICE
2017-03-21,61.27000045776367,61.36000061035156,59.93999862670898,60.02999877929688,53.70952987670898,3332400,0.0,0.0,ICE,ICE
2017-03-22,60.02999877929688,60.209999084472656,59.52999877929688,59.79999923706055,53.50375747680664,2120700,0.0,0.0,ICE,ICE
2017-03-23,59.86000061035156,60.40999984741211,59.709999084472656,59.869998931884766,53.56637954711914,2433500,0.0,0.0,ICE,ICE
2017-03-24,59.9900016784668,60.27000045776367,59.70000076293945,59.84999847412109,53.548484802246094,2536100,0.0,0.0,ICE,ICE
2017-03-27,59.20000076293945,59.560001373291016,58.84999847412109,59.400001525878906,53.14587020874024,1922600,0.0,0.0,ICE,ICE
2017-03-28,59.20000076293945,60.040000915527344,59.18000030517578,59.83000183105469,53.53060150146485,2076500,0.0,0.0,ICE,ICE
2017-03-29,59.68000030517578,59.68999862670898,59.02999877929688,59.29999923706055,53.056400299072266,1890700,0.0,0.0,ICE,ICE
2017-03-30,59.34999847412109,60.130001068115234,59.220001220703125,60.02999877929688,53.70952987670898,2029900,0.0,0.0,ICE,ICE
2017-03-31,59.7400016784668,60.310001373291016,59.59999847412109,59.869998931884766,53.56637954711914,2099500,0.0,0.0,ICE,ICE
2017-04-03,60.04999923706055,60.18000030517578,58.79999923706055,59.31999969482422,53.07429504394531,2561200,0.0,0.0,ICE,ICE
2017-04-04,59.400001525878906,59.61000061035156,59.11000061035156,59.40999984741211,53.1548080444336,2445500,0.0,0.0,ICE,ICE
2017-04-05,59.790000915527344,60.650001525878906,59.54999923706055,59.970001220703125,53.655853271484375,3067300,0.0,0.0,ICE,ICE
2017-04-06,59.959999084472656,60.45000076293945,59.68999862670898,60.2400016784668,53.897422790527344,3361000,0.0,0.0,ICE,ICE
2017-04-07,60.0,61.04999923706055,59.86000061035156,60.77999877929688,54.38056182861328,3876500,0.0,0.0,ICE,ICE
2017-04-10,60.880001068115234,61.11000061035156,60.369998931884766,60.400001525878906,54.04057693481445,2667200,0.0,0.0,ICE,ICE
2017-04-11,60.209999084472656,60.459999084472656,59.900001525878906,60.290000915527344,53.942161560058594,3242000,0.0,0.0,ICE,ICE
2017-04-12,60.0099983215332,60.33000183105469,59.77999877929688,59.83000183105469,53.53060150146485,2386500,0.0,0.0,ICE,ICE
2017-04-13,59.70000076293945,60.02000045776367,59.41999816894531,59.41999816894531,53.16375350952149,1644600,0.0,0.0,ICE,ICE
2017-04-17,59.52999877929688,60.15999984741211,59.06999969482422,60.09999847412109,53.77215576171875,1217000,0.0,0.0,ICE,ICE
2017-04-18,59.93000030517578,60.380001068115234,59.79999923706055,60.27000045776367,53.924259185791016,1673500,0.0,0.0,ICE,ICE
2017-04-19,60.4900016784668,60.630001068115234,59.880001068115234,59.95000076293945,53.63795852661133,1993300,0.0,0.0,ICE,ICE
2017-04-20,60.220001220703125,60.70000076293945,59.90999984741211,60.630001068115234,54.246368408203125,3083900,0.0,0.0,ICE,ICE
2017-04-21,60.56999969482422,60.869998931884766,60.150001525878906,60.40999984741211,54.04951858520508,1856900,0.0,0.0,ICE,ICE
2017-04-24,61.380001068115234,61.54999923706055,60.5099983215332,60.58000183105469,54.20162582397461,2996100,0.0,0.0,ICE,ICE
2017-04-25,61.11000061035156,61.400001525878906,60.959999084472656,60.970001220703125,54.550567626953125,1854500,0.0,0.0,ICE,ICE
2017-04-26,61.06999969482422,61.470001220703125,60.97999954223633,61.09999847412109,54.66686630249024,1719200,0.0,0.0,ICE,ICE
2017-04-27,61.18999862670898,61.18999862670898,60.13999938964844,60.209999084472656,53.870582580566406,2651500,0.0,0.0,ICE,ICE
2017-04-28,60.209999084472656,60.65999984741211,60.02999877929688,60.20000076293945,53.86164093017578,2961100,0.0,0.0,ICE,ICE
2017-05-01,60.5,60.72999954223633,60.220001220703125,60.400001525878906,54.04057693481445,3246600,0.0,0.0,ICE,ICE
2017-05-02,60.619998931884766,60.7599983215332,60.20000076293945,60.619998931884766,54.23741912841797,3602500,0.0,0.0,ICE,ICE
2017-05-03,59.970001220703125,61.02000045776367,59.7599983215332,60.33000183105469,53.97794342041016,3891400,0.0,0.0,ICE,ICE
2017-05-04,60.56999969482422,61.0,60.2599983215332,60.869998931884766,54.46109771728516,3288400,0.0,0.0,ICE,ICE
2017-05-05,60.97999954223633,61.0,60.27999877929688,60.459999084472656,54.094268798828125,2152800,0.0,0.0,ICE,ICE
2017-05-08,60.400001525878906,60.63999938964844,58.900001525878906,59.09000015258789,52.868499755859375,2502400,0.0,0.0,ICE,ICE
2017-05-09,59.22999954223633,59.22999954223633,58.79999923706055,58.90999984741211,52.70745468139648,3735500,0.0,0.0,ICE,ICE
2017-05-10,58.900001525878906,59.040000915527344,58.41999816894531,59.0,52.78798294067383,2443300,0.0,0.0,ICE,ICE
2017-05-11,58.900001525878906,59.18000030517578,58.18999862670898,59.06999969482422,52.8506088256836,2929100,0.0,0.0,ICE,ICE
2017-05-12,58.810001373291016,59.18999862670898,58.7400016784668,58.790000915527344,52.60007858276367,1665500,0.0,0.0,ICE,ICE
2017-05-15,58.7599983215332,59.43999862670898,58.7599983215332,59.290000915527344,53.04744720458984,2145000,0.0,0.0,ICE,ICE
2017-05-16,59.38999938964844,59.38999938964844,58.959999084472656,59.0,52.78798294067383,1875000,0.0,0.0,ICE,ICE
2017-05-17,59.0,59.0,58.02000045776367,58.06999969482422,51.955902099609375,2593400,0.0,0.0,ICE,ICE
2017-05-18,58.16999816894531,58.81999969482422,57.90999984741211,58.59000015258789,52.42115020751953,2259000,0.0,0.0,ICE,ICE
2017-05-19,58.7400016784668,59.630001068115234,58.459999084472656,59.31999969482422,53.07429504394531,3018800,0.0,0.0,ICE,ICE
2017-05-22,59.59999847412109,59.709999084472656,59.220001220703125,59.459999084472656,53.19954299926758,1880800,0.0,0.0,ICE,ICE
2017-05-23,59.380001068115234,60.06999969482422,59.2400016784668,59.869998931884766,53.56637954711914,1635800,0.0,0.0,ICE,ICE
2017-05-24,60.040000915527344,60.119998931884766,59.630001068115234,59.93999862670898,53.6290168762207,1451200,0.0,0.0,ICE,ICE
2017-05-25,60.209999084472656,60.70000076293945,59.959999084472656,60.43999862670898,54.076358795166016,1518500,0.0,0.0,ICE,ICE
2017-05-26,60.369998931884766,60.75,60.27999877929688,60.34999847412109,53.99583435058594,1346200,0.0,0.0,ICE,ICE
2017-05-30,60.119998931884766,60.43999862670898,60.060001373291016,60.15999984741211,53.82583236694336,1981300,0.0,0.0,ICE,ICE
2017-05-31,60.86000061035156,60.86000061035156,59.90999984741211,60.18999862670898,53.85269165039063,2710500,0.0,0.0,ICE,ICE
2017-06-01,60.650001525878906,60.66999816894531,60.11000061035156,60.34000015258789,53.98689651489258,2777900,0.0,0.0,ICE,ICE
2017-06-02,60.29999923706055,60.59000015258789,60.220001220703125,60.31999969482422,53.9690055847168,2609700,0.0,0.0,ICE,ICE
2017-06-05,60.380001068115234,61.970001220703125,60.27000045776367,61.70000076293945,55.203712463378906,3963900,0.0,0.0,ICE,ICE
2017-06-06,61.369998931884766,61.790000915527344,61.2599983215332,61.54999923706055,55.06948852539063,3409300,0.0,0.0,ICE,ICE
2017-06-07,61.54999923706055,63.72999954223633,61.540000915527344,63.619998931884766,56.92154693603516,4773900,0.0,0.0,ICE,ICE
2017-06-08,63.619998931884766,64.16999816894531,63.41999816894531,63.790000915527344,57.07364654541016,3746100,0.0,0.0,ICE,ICE
2017-06-09,63.83000183105469,64.56999969482422,63.560001373291016,63.970001220703125,57.23469543457031,4046800,0.0,0.0,ICE,ICE
2017-06-12,63.900001525878906,64.4800033569336,63.65999984741211,64.43000030517578,57.64626693725586,3243200,0.0,0.0,ICE,ICE
2017-06-13,64.44999694824219,64.79000091552734,64.31999969482422,64.45999908447266,57.67311477661133,2326900,0.0,0.0,ICE,ICE
2017-06-14,64.0,64.75,63.93999862670898,64.66999816894531,58.04108810424805,2054900,0.2,0.0,ICE,ICE
2017-06-15,64.48999786376953,64.73999786376953,64.16000366210938,64.61000061035156,57.98722839355469,1680500,0.0,0.0,ICE,ICE
2017-06-16,64.62999725341797,64.73999786376953,64.38999938964844,64.56999969482422,57.95132827758789,2301400,0.0,0.0,ICE,ICE
2017-06-19,64.73999786376953,65.0,64.56999969482422,64.7699966430664,58.13082504272461,2575100,0.0,0.0,ICE,ICE
2017-06-20,64.5,64.87999725341797,64.45999908447266,64.5199966430664,57.90645217895508,1751100,0.0,0.0,ICE,ICE
2017-06-21,64.43000030517578,64.5,63.93000030517578,64.29000091552734,57.70003509521485,2323900,0.0,0.0,ICE,ICE
2017-06-22,64.12999725341797,64.5,63.900001525878906,64.1500015258789,57.57438659667969,2360700,0.0,0.0,ICE,ICE
2017-06-23,64.47000122070312,64.48999786376953,64.0999984741211,64.27999877929688,57.69105529785156,2372700,0.0,0.0,ICE,ICE
2017-06-26,64.33000183105469,64.52999877929688,64.20999908447266,64.3499984741211,57.753883361816406,1602700,0.0,0.0,ICE,ICE
2017-06-27,64.80999755859375,65.70999908447266,64.37000274658203,65.37999725341797,58.67829895019531,3946200,0.0,0.0,ICE,ICE
2017-06-28,65.81999969482422,66.2699966430664,65.4000015258789,66.13999938964844,59.36039733886719,3729500,0.0,0.0,ICE,ICE
2017-06-29,66.63999938964844,66.7300033569336,65.63999938964844,65.83999633789062,59.09114837646485,2860400,0.0,0.0,ICE,ICE
2017-06-30,65.91000366210938,66.25,65.70999908447266,65.91999816894531,59.1629638671875,2373400,0.0,0.0,ICE,ICE
2017-07-03,66.06999969482422,66.9000015258789,65.94999694824219,66.68000030517578,59.84502410888672,1906800,0.0,0.0,ICE,ICE
2017-07-05,66.66000366210938,66.88999938964844,65.97000122070312,66.18000030517578,59.396297454833984,2689100,0.0,0.0,ICE,ICE
2017-07-06,66.16999816894531,66.69000244140625,65.83999633789062,65.97000122070312,59.20783615112305,2717500,0.0,0.0,ICE,ICE
2017-07-07,66.12999725341797,66.45999908447266,65.66999816894531,65.91999816894531,59.1629638671875,2591900,0.0,0.0,ICE,ICE
2017-07-10,65.91000366210938,66.02999877929688,65.5,65.5,58.78600311279297,3111500,0.0,0.0,ICE,ICE
2017-07-11,65.56999969482422,66.0999984741211,65.23999786376953,65.41999816894531,58.71419525146485,3013800,0.0,0.0,ICE,ICE
2017-07-12,65.44000244140625,65.87000274658203,65.19000244140625,65.87000274658203,59.11808013916016,2661900,0.0,0.0,ICE,ICE
2017-07-13,66.62000274658203,67.33000183105469,66.12000274658203,66.87999725341797,60.0245361328125,3162800,0.0,0.0,ICE,ICE
2017-07-14,66.36000061035156,66.36000061035156,65.47000122070312,65.55000305175781,58.83089447021485,2851600,0.0,0.0,ICE,ICE
2017-07-17,65.61000061035156,66.41999816894531,65.41000366210938,65.81999969482422,59.07320785522461,2122100,0.0,0.0,ICE,ICE
2017-07-18,65.5999984741211,65.83999633789062,65.33000183105469,65.72000122070312,58.98345947265625,2012800,0.0,0.0,ICE,ICE
2017-07-19,65.94999694824219,66.01000213623047,65.44000244140625,65.72000122070312,58.98345947265625,2031600,0.0,0.0,ICE,ICE
2017-07-20,65.66000366210938,65.9800033569336,65.55999755859375,65.83999633789062,59.09114837646485,1975800,0.0,0.0,ICE,ICE
2017-07-21,65.81999969482422,66.76000213623047,65.81999969482422,66.58000183105469,59.75530242919922,2283600,0.0,0.0,ICE,ICE
2017-07-24,66.4800033569336,67.29000091552734,66.30999755859375,66.75,59.90787124633789,3596400,0.0,0.0,ICE,ICE
2017-07-25,67.26000213623047,67.4800033569336,66.37000274658203,66.37999725341797,59.5757942199707,1757000,0.0,0.0,ICE,ICE
2017-07-26,66.33000183105469,66.94000244140625,66.22000122070312,66.33999633789062,59.53989791870117,1639100,0.0,0.0,ICE,ICE
2017-07-27,66.29000091552734,66.52999877929688,65.66999816894531,66.12999725341797,59.35143661499024,1658700,0.0,0.0,ICE,ICE
2017-07-28,66.19999694824219,66.55000305175781,65.80999755859375,66.37000274658203,59.56681823730469,1177500,0.0,0.0,ICE,ICE
2017-07-31,66.27999877929688,66.91000366210938,66.12000274658203,66.70999908447266,59.871978759765625,2077300,0.0,0.0,ICE,ICE
2017-08-01,66.79000091552734,67.29000091552734,66.55000305175781,67.27999877929688,60.383548736572266,2238700,0.0,0.0,ICE,ICE
2017-08-02,67.27999877929688,67.30999755859375,66.73999786376953,67.0199966430664,60.15019989013672,1784000,0.0,0.0,ICE,ICE
2017-08-03,64.0,65.94999694824219,63.220001220703125,65.1500015258789,58.47188186645508,4085100,0.0,0.0,ICE,ICE
2017-08-04,65.55000305175781,65.63999938964844,64.44999694824219,64.81999969482422,58.17570495605469,2764000,0.0,0.0,ICE,ICE
2017-08-07,65.08999633789062,65.16999816894531,64.36000061035156,64.37000274658203,57.77183151245117,2334700,0.0,0.0,ICE,ICE
2017-08-08,64.20999908447266,64.69999694824219,64.01000213623047,64.55000305175781,57.93339920043945,2302000,0.0,0.0,ICE,ICE
2017-08-09,64.27999877929688,65.75,64.27999877929688,65.7300033569336,58.992408752441406,1723000,0.0,0.0,ICE,ICE
2017-08-10,65.31999969482422,65.76000213623047,65.05000305175781,65.16000366210938,58.48085784912109,2750700,0.0,0.0,ICE,ICE
2017-08-11,65.36000061035156,65.43000030517578,64.87000274658203,65.01000213623047,58.34624481201172,2067800,0.0,0.0,ICE,ICE
2017-08-14,65.87000274658203,65.87000274658203,65.20999908447266,65.38999938964844,58.68727493286133,1244500,0.0,0.0,ICE,ICE
2017-08-15,65.66000366210938,66.23999786376953,65.5999984741211,65.86000061035156,59.10908889770508,1542900,0.0,0.0,ICE,ICE
2017-08-16,65.97000122070312,66.43000030517578,65.88999938964844,66.05999755859375,59.28859329223633,1630600,0.0,0.0,ICE,ICE
2017-08-17,66.08999633789062,66.31999969482422,65.1500015258789,65.1500015258789,58.47188186645508,1678200,0.0,0.0,ICE,ICE
2017-08-18,64.9800033569336,65.08000183105469,64.56999969482422,64.58999633789062,57.969276428222656,1852300,0.0,0.0,ICE,ICE
2017-08-21,64.58999633789062,64.7699966430664,64.06999969482422,64.55000305175781,57.93339920043945,1616700,0.0,0.0,ICE,ICE
2017-08-22,64.73999786376953,65.70999908447266,64.4800033569336,65.5,58.78600311279297,1606700,0.0,0.0,ICE,ICE
2017-08-23,65.3499984741211,65.61000061035156,64.98999786376953,65.0199966430664,58.355201721191406,1282600,0.0,0.0,ICE,ICE
2017-08-24,65.5999984741211,65.66999816894531,64.44999694824219,64.69999694824219,58.06801223754883,1515200,0.0,0.0,ICE,ICE
2017-08-25,64.9800033569336,65.72000122070312,64.80000305175781,65.41000366210938,58.70523071289063,1803300,0.0,0.0,ICE,ICE
2017-08-28,65.52999877929688,65.70999908447266,65.12000274658203,65.30000305175781,58.60651016235352,1274600,0.0,0.0,ICE,ICE
2017-08-29,64.9800033569336,65.0,64.44000244140625,64.81999969482422,58.17570495605469,1252000,0.0,0.0,ICE,ICE
2017-08-30,64.79000091552734,65.19999694824219,64.63999938964844,64.83000183105469,58.1846923828125,1473500,0.0,0.0,ICE,ICE
2017-08-31,64.98999786376953,65.0,64.54000091552734,64.66999816894531,58.04108810424805,1748100,0.0,0.0,ICE,ICE
2017-09-01,64.83999633789062,65.36000061035156,64.61000061035156,65.0999984741211,58.42700958251953,1407800,0.0,0.0,ICE,ICE
2017-09-05,65.05000305175781,65.06999969482422,64.44999694824219,64.94999694824219,58.29238128662109,2818800,0.0,0.0,ICE,ICE
2017-09-06,65.29000091552734,66.19000244140625,65.2300033569336,65.7699966430664,59.02832412719727,2947600,0.0,0.0,ICE,ICE
2017-09-07,65.72000122070312,65.72000122070312,63.93000030517578,64.30000305175781,57.70901107788086,2802200,0.0,0.0,ICE,ICE
2017-09-08,64.4800033569336,65.69999694824219,64.29000091552734,65.33999633789062,58.64240264892578,1927200,0.0,0.0,ICE,ICE
2017-09-11,65.6500015258789,66.31999969482422,65.58000183105469,65.70999908447266,58.974491119384766,1936400,0.0,0.0,ICE,ICE
2017-09-12,65.66000366210938,66.44000244140625,65.58000183105469,66.37999725341797,59.5757942199707,1313900,0.0,0.0,ICE,ICE
2017-09-13,66.08000183105469,66.27999877929688,65.97000122070312,66.22000122070312,59.43221282958984,1330500,0.0,0.0,ICE,ICE
2017-09-14,66.0999984741211,66.30000305175781,65.7699966430664,66.18000030517578,59.57623672485352,1229000,0.2,0.0,ICE,ICE
2017-09-15,66.01000213623047,66.30000305175781,65.29000091552734,65.37999725341797,58.85606002807617,3528900,0.0,0.0,ICE,ICE
2017-09-18,65.3499984741211,65.83000183105469,65.12999725341797,65.6500015258789,59.09912872314453,2012700,0.0,0.0,ICE,ICE
2017-09-19,65.76000213623047,66.5999984741211,65.69000244140625,66.31999969482422,59.70225524902344,1859700,0.0,0.0,ICE,ICE
2017-09-20,66.31999969482422,66.87999725341797,66.08999633789062,66.66999816894531,60.01733016967773,2137100,0.0,0.0,ICE,ICE
2017-09-21,66.48999786376953,67.30999755859375,66.43000030517578,66.83000183105469,60.161380767822266,1639700,0.0,0.0,ICE,ICE
2017-09-22,66.61000061035156,67.16999816894531,66.61000061035156,67.05000305175781,60.3593978881836,1868500,0.0,0.0,ICE,ICE
2017-09-25,66.97000122070312,67.23999786376953,65.91999816894531,67.22000122070312,60.512454986572266,1667700,0.0,0.0,ICE,ICE
2017-09-26,67.12999725341797,67.68000030517578,66.93000030517578,66.98999786376953,60.305397033691406,2560600,0.0,0.0,ICE,ICE
2017-09-27,67.26000213623047,68.26000213623047,67.26000213623047,68.12999725341797,61.33163833618164,2298500,0.0,0.0,ICE,ICE
2017-09-28,68.0,68.5999984741211,67.69999694824219,68.54000091552734,61.70075607299805,2000600,0.0,0.0,ICE,ICE
2017-09-29,68.41000366210938,68.87999725341797,68.41000366210938,68.69999694824219,61.84477615356445,1897000,0.0,0.0,ICE,ICE
2017-10-02,68.86000061035156,69.66000366210938,68.69999694824219,69.33000183105469,62.411922454833984,2023200,0.0,0.0,ICE,ICE
2017-10-03,69.11000061035156,70.0,69.02999877929688,69.87999725341797,62.90703201293945,2083100,0.0,0.0,ICE,ICE
2017-10-04,69.91999816894531,70.62999725341797,69.51000213623047,70.45999908447266,63.429141998291016,2645300,0.0,0.0,ICE,ICE
2017-10-05,70.5,71.0999984741211,70.13999938964844,70.95999908447266,63.87926483154297,2345300,0.0,0.0,ICE,ICE
2017-10-06,71.05000305175781,71.23999786376953,68.94999694824219,69.02999877929688,62.141868591308594,4332700,0.0,0.0,ICE,ICE
2017-10-09,69.0999984741211,69.75,68.91000366210938,69.45999908447266,62.52896499633789,1755200,0.0,0.0,ICE,ICE
2017-10-10,69.58999633789062,69.94000244140625,69.19999694824219,69.68000030517578,62.72697448730469,1558700,0.0,0.0,ICE,ICE
2017-10-11,69.77999877929688,70.0999984741211,69.5999984741211,70.08999633789062,63.096099853515625,1378400,0.0,0.0,ICE,ICE
2017-10-12,70.0199966430664,70.69000244140625,69.88999938964844,69.91000366210938,62.93402862548828,1910100,0.0,0.0,ICE,ICE
2017-10-13,69.91999816894531,70.05000305175781,69.30999755859375,69.38999938964844,62.46590805053711,1944800,0.0,0.0,ICE,ICE
2017-10-16,69.41000366210938,69.45999908447266,68.31999969482422,68.4000015258789,61.57471084594727,3874600,0.0,0.0,ICE,ICE
2017-10-17,68.5999984741211,68.62999725341797,67.9800033569336,68.16999816894531,61.36764526367188,4417800,0.0,0.0,ICE,ICE
2017-10-18,68.38999938964844,68.6500015258789,67.87999725341797,68.19999694824219,61.3946647644043,2251900,0.0,0.0,ICE,ICE
2017-10-19,67.62000274658203,67.80000305175781,66.72000122070312,66.8499984741211,60.17937850952149,4447200,0.0,0.0,ICE,ICE
2017-10-20,67.31999969482422,67.37000274658203,66.0199966430664,66.12000274658203,59.5222282409668,6052900,0.0,0.0,ICE,ICE
2017-10-23,65.86000061035156,65.95999908447266,65.43000030517578,65.69000244140625,59.13513946533203,5645800,0.0,0.0,ICE,ICE
2017-10-24,65.98999786376953,66.04000091552734,65.16999816894531,65.23999786376953,58.73002624511719,4589200,0.0,0.0,ICE,ICE
2017-10-25,65.58999633789062,66.0199966430664,64.91000366210938,65.91000366210938,59.33317565917969,7943600,0.0,0.0,ICE,ICE
2017-10-26,66.0,66.19999694824219,65.37000274658203,65.61000061035156,59.0631217956543,4553100,0.0,0.0,ICE,ICE
2017-10-27,65.98999786376953,66.05000305175781,64.9800033569336,65.4800033569336,58.94608688354492,5242800,0.0,0.0,ICE,ICE
2017-10-30,65.41999816894531,65.66000366210938,65.20999908447266,65.26000213623047,58.748046875,2977700,0.0,0.0,ICE,ICE
2017-10-31,65.19000244140625,66.16000366210938,65.1500015258789,66.0999984741211,59.50421524047852,5587300,0.0,0.0,ICE,ICE
2017-11-01,66.19999694824219,66.62000274658203,66.08999633789062,66.22000122070312,59.61223983764648,3741800,0.0,0.0,ICE,ICE
2017-11-02,68.98999786376953,69.25,67.25,68.66999816894531,61.817752838134766,5579300,0.0,0.0,ICE,ICE
2017-11-03,68.19000244140625,68.29000091552734,66.06999969482422,66.23999786376953,59.6302375793457,7181400,0.0,0.0,ICE,ICE
2017-11-06,66.37000274658203,66.38999938964844,65.61000061035156,66.19999694824219,59.59423065185547,2806100,0.0,0.0,ICE,ICE
2017-11-07,66.2300033569336,66.6500015258789,65.37999725341797,65.58000183105469,59.03611755371094,2550900,0.0,0.0,ICE,ICE
2017-11-08,65.5199966430664,66.37999725341797,65.5199966430664,65.98999786376953,59.40519714355469,2293700,0.0,0.0,ICE,ICE
2017-11-09,65.62999725341797,66.2699966430664,65.27999877929688,66.19999694824219,59.59423065185547,1867800,0.0,0.0,ICE,ICE
2017-11-10,66.30000305175781,66.5,65.95999908447266,66.2699966430664,59.6572494506836,1621700,0.0,0.0,ICE,ICE
2017-11-13,66.19999694824219,67.26000213623047,66.0999984741211,67.08000183105469,60.38642883300781,2881400,0.0,0.0,ICE,ICE
2017-11-14,66.75,67.63999938964844,66.54000091552734,67.30000305175781,60.58446502685547,1701600,0.0,0.0,ICE,ICE
2017-11-15,66.86000061035156,67.47000122070312,66.44999694824219,66.52999877929688,59.89132308959961,2674800,0.0,0.0,ICE,ICE
2017-11-16,66.5999984741211,66.87999725341797,66.05000305175781,66.08000183105469,59.4862174987793,2511200,0.0,0.0,ICE,ICE
2017-11-17,66.08000183105469,66.75,65.97000122070312,66.58999633789062,59.94533157348633,2811600,0.0,0.0,ICE,ICE
2017-11-20,66.63999938964844,68.41999816894531,66.51000213623047,68.08000183105469,61.2866439819336,3135500,0.0,0.0,ICE,ICE
2017-11-21,68.26000213623047,68.45999908447266,68.05000305175781,68.27999877929688,61.46670913696289,3482400,0.0,0.0,ICE,ICE
2017-11-22,68.5,68.5999984741211,67.41000366210938,67.66000366210938,60.90855026245117,2200800,0.0,0.0,ICE,ICE
2017-11-24,67.8499984741211,68.25,67.66999816894531,67.83000183105469,61.06158447265625,987500,0.0,0.0,ICE,ICE
2017-11-27,67.9800033569336,68.22000122070312,67.80000305175781,68.0999984741211,61.304630279541016,2037000,0.0,0.0,ICE,ICE
2017-11-28,68.08000183105469,69.44000244140625,67.69000244140625,69.3499984741211,62.42991256713867,2729600,0.0,0.0,ICE,ICE
2017-11-29,69.6500015258789,70.87000274658203,69.36000061035156,69.80000305175781,62.83503341674805,2818300,0.0,0.0,ICE,ICE
2017-11-30,70.0,71.80000305175781,69.87999725341797,71.44999694824219,64.32035827636719,5235000,0.0,0.0,ICE,ICE
2017-12-01,71.3499984741211,72.36000061035156,71.20999908447266,72.06999969482422,64.87850189208984,5741000,0.0,0.0,ICE,ICE
2017-12-04,72.83999633789062,72.98999786376953,71.54000091552734,71.83000183105469,64.66246795654297,3049200,0.0,0.0,ICE,ICE
2017-12-05,71.75,72.31999969482422,70.30999755859375,70.94999694824219,63.870243072509766,3436500,0.0,0.0,ICE,ICE
2017-12-06,71.02999877929688,71.16999816894531,70.11000061035156,70.73999786376953,63.68120574951172,2282400,0.0,0.0,ICE,ICE
2017-12-07,70.4800033569336,70.68000030517578,69.30000305175781,70.38999938964844,63.36614990234375,2652500,0.0,0.0,ICE,ICE
2017-12-08,70.2699966430664,70.94000244140625,69.91999816894531,70.93000030517578,63.85226058959961,1653100,0.0,0.0,ICE,ICE
2017-12-11,70.94999694824219,71.18000030517578,70.5,70.80999755859375,63.744232177734375,1482800,0.0,0.0,ICE,ICE
2017-12-12,71.20999908447266,71.37000274658203,70.80999755859375,71.19999694824219,64.09529113769531,2128900,0.0,0.0,ICE,ICE
2017-12-13,71.02999877929688,71.4800033569336,70.44999694824219,70.4800033569336,63.62586975097656,2007900,0.2,0.0,ICE,ICE
2017-12-14,70.55999755859375,71.08000183105469,70.06999969482422,70.31999969482422,63.48143005371094,2982100,0.0,0.0,ICE,ICE
2017-12-15,70.93000030517578,71.29000091552734,70.41999816894531,70.48999786376953,63.63492584228516,3811400,0.0,0.0,ICE,ICE
2017-12-18,70.79000091552734,71.3499984741211,70.68000030517578,71.20999908447266,64.28488159179688,2587200,0.0,0.0,ICE,ICE
2017-12-19,71.5,71.87999725341797,71.05000305175781,71.06999969482422,64.15851593017578,3645200,0.0,0.0,ICE,ICE
2017-12-20,71.20999908447266,71.2699966430664,69.81999969482422,70.0199966430664,63.21061706542969,3457400,0.0,0.0,ICE,ICE
2017-12-21,70.22000122070312,70.54000091552734,69.94000244140625,70.11000061035156,63.2918586730957,2040100,0.0,0.0,ICE,ICE
2017-12-22,70.43000030517578,70.66000366210938,69.83000183105469,70.25,63.41823959350586,2407200,0.0,0.0,ICE,ICE
2017-12-26,70.23999786376953,70.37999725341797,69.69000244140625,70.04000091552734,63.22868347167969,1024900,0.0,0.0,ICE,ICE
2017-12-27,70.29000091552734,70.58999633789062,69.9800033569336,70.2699966430664,63.436302185058594,3004500,0.0,0.0,ICE,ICE
2017-12-28,70.36000061035156,70.61000061035156,70.08999633789062,70.5199966430664,63.66198348999024,1680900,0.0,0.0,ICE,ICE
2017-12-29,70.87000274658203,71.16999816894531,70.47000122070312,70.55999755859375,63.69811630249024,1865300,0.0,0.0,ICE,ICE
2018-01-02,70.7699966430664,70.7699966430664,69.55999755859375,69.8499984741211,63.05714797973633,3195300,0.0,0.0,ICE,ICE
2018-01-03,69.94000244140625,71.27999877929688,69.5999984741211,70.91000366210938,64.0140609741211,4312600,0.0,0.0,ICE,ICE
2018-01-04,70.91000366210938,72.94000244140625,70.62000274658203,72.25,65.2237548828125,3035000,0.0,0.0,ICE,ICE
2018-01-05,72.16000366210938,72.88999938964844,71.94999694824219,72.8499984741211,65.76538848876953,2152200,0.0,0.0,ICE,ICE
2018-01-08,72.91000366210938,73.33999633789062,72.58999633789062,73.12000274658203,66.0091552734375,1952000,0.0,0.0,ICE,ICE
2018-01-09,73.25,74.33000183105469,73.20999908447266,74.05000305175781,66.84870910644531,2413600,0.0,0.0,ICE,ICE
2018-01-10,74.0999984741211,74.55000305175781,73.76000213623047,74.45999908447266,67.21885681152344,2487000,0.0,0.0,ICE,ICE
2018-01-11,74.45999908447266,74.61000061035156,74.0199966430664,74.37999725341797,67.14661407470703,2178500,0.0,0.0,ICE,ICE
2018-01-12,74.61000061035156,75.01000213623047,74.48999786376953,74.77999877929688,67.50770568847656,1699300,0.0,0.0,ICE,ICE
2018-01-16,74.98999786376953,75.58000183105469,74.33999633789062,74.58000183105469,67.32716369628906,2148000,0.0,0.0,ICE,ICE
2018-01-17,74.88999938964844,75.05000305175781,74.41999816894531,74.80000305175781,67.5257568359375,1954700,0.0,0.0,ICE,ICE
2018-01-18,74.95999908447266,75.58999633789062,74.80000305175781,75.2699966430664,67.95006561279297,2132800,0.0,0.0,ICE,ICE
2018-01-19,75.45999908447266,75.79000091552734,75.11000061035156,75.5999984741211,68.24797821044922,3146900,0.0,0.0,ICE,ICE
2018-01-22,75.45999908447266,75.87000274658203,75.33999633789062,75.83000183105469,68.4555892944336,1645700,0.0,0.0,ICE,ICE
2018-01-23,75.79000091552734,75.97000122070312,75.22000122070312,75.79000091552734,68.41950225830078,1821200,0.0,0.0,ICE,ICE
2018-01-24,76.0,76.13999938964844,75.04000091552734,75.41999816894531,68.0854721069336,2029300,0.0,0.0,ICE,ICE
2018-01-25,76.12000274658203,76.12000274658203,74.73999786376953,74.94000244140625,67.65214538574219,2095300,0.0,0.0,ICE,ICE
2018-01-26,75.05000305175781,75.56999969482422,74.80000305175781,75.56999969482422,68.22088623046875,1280500,0.0,0.0,ICE,ICE
2018-01-29,75.48999786376953,75.9000015258789,74.45999908447266,74.51000213623047,67.26397705078125,1870400,0.0,0.0,ICE,ICE
2018-01-30,74.2699966430664,74.72000122070312,73.55000305175781,73.55000305175781,66.39733123779297,2831300,0.0,0.0,ICE,ICE
2018-01-31,73.55000305175781,74.58999633789062,73.37000274658203,73.83999633789062,66.65913391113281,3423600,0.0,0.0,ICE,ICE
2018-02-01,74.01000213623047,74.81999969482422,73.44000244140625,74.80000305175781,67.5257568359375,2523300,0.0,0.0,ICE,ICE
2018-02-02,74.5999984741211,75.29000091552734,73.83999633789062,73.9800033569336,66.7854995727539,2540300,0.0,0.0,ICE,ICE
2018-02-05,73.52999877929688,74.47000122070312,71.2699966430664,71.5,64.54667663574219,4083800,0.0,0.0,ICE,ICE
2018-02-06,70.16999816894531,72.4000015258789,68.80000305175781,72.2699966430664,65.2417984008789,5924100,0.0,0.0,ICE,ICE
2018-02-07,70.2300033569336,72.55999755859375,70.2300033569336,70.72000122070312,63.84254837036133,4418200,0.0,0.0,ICE,ICE
2018-02-08,70.75,70.86000061035156,66.97000122070312,67.0,60.48430633544922,5808600,0.0,0.0,ICE,ICE
2018-02-09,67.61000061035156,69.0,66.91999816894531,68.44999694824219,61.793304443359375,5336400,0.0,0.0,ICE,ICE
2018-02-12,68.81999969482422,69.58999633789062,68.16999816894531,68.5999984741211,61.92869567871094,4173500,0.0,0.0,ICE,ICE
2018-02-13,68.25,69.19000244140625,68.04000091552734,69.12000274658203,62.39814376831055,2676000,0.0,0.0,ICE,ICE
2018-02-14,68.83000183105469,71.16999816894531,68.7300033569336,71.06999969482422,64.15851593017578,3167500,0.0,0.0,ICE,ICE
2018-02-15,71.62999725341797,72.55999755859375,71.11000061035156,72.55000305175781,65.49457550048828,3229500,0.0,0.0,ICE,ICE
2018-02-16,72.1500015258789,72.36000061035156,71.12999725341797,71.7300033569336,64.75431823730469,3456100,0.0,0.0,ICE,ICE
2018-02-20,72.25,74.5,72.16000366210938,72.86000061035156,65.77442932128906,4193700,0.0,0.0,ICE,ICE
2018-02-21,72.81999969482422,74.1500015258789,72.61000061035156,72.86000061035156,65.77442932128906,2637500,0.0,0.0,ICE,ICE
2018-02-22,73.08000183105469,73.5,71.19000244140625,71.55000305175781,64.59183502197266,2587500,0.0,0.0,ICE,ICE
2018-02-23,71.88999938964844,72.63999938964844,71.83999633789062,72.4800033569336,65.43138885498047,1902400,0.0,0.0,ICE,ICE
2018-02-26,72.70999908447266,73.56999969482422,72.31999969482422,73.54000091552734,66.38832092285156,1717100,0.0,0.0,ICE,ICE
2018-02-27,73.5,74.4800033569336,73.37999725341797,73.43000030517578,66.28898620605469,2518900,0.0,0.0,ICE,ICE
2018-02-28,73.69000244140625,74.33999633789062,73.05000305175781,73.08000183105469,65.97303009033203,2088500,0.0,0.0,ICE,ICE
2018-03-01,73.04000091552734,73.51000213623047,71.62999725341797,72.05999755859375,65.0522232055664,2035600,0.0,0.0,ICE,ICE
2018-03-02,71.72000122070312,72.63999938964844,71.33999633789062,72.54000091552734,65.48556518554688,2632100,0.0,0.0,ICE,ICE
2018-03-05,71.83000183105469,72.98999786376953,71.31999969482422,72.68000030517578,65.61192321777344,4089700,0.0,0.0,ICE,ICE
2018-03-06,72.87000274658203,73.3499984741211,72.12000274658203,73.33999633789062,66.20775604248047,2789400,0.0,0.0,ICE,ICE
2018-03-07,72.62000274658203,73.45999908447266,72.19999694824219,73.23999786376953,66.11747741699219,1615000,0.0,0.0,ICE,ICE
2018-03-08,73.5999984741211,74.4800033569336,73.08000183105469,74.30000305175781,67.07438659667969,2777700,0.0,0.0,ICE,ICE
2018-03-09,74.58999633789062,75.80999755859375,74.5,75.7300033569336,68.36534118652344,1767200,0.0,0.0,ICE,ICE
2018-03-12,76.0199966430664,76.30000305175781,75.43000030517578,75.66999816894531,68.3111572265625,2228400,0.0,0.0,ICE,ICE
2018-03-13,75.95999908447266,76.27999877929688,74.80999755859375,75.05999755859375,67.76048278808594,3086100,0.0,0.0,ICE,ICE
2018-03-14,75.12000274658203,75.2699966430664,74.01000213623047,74.30999755859375,67.29859924316406,2817300,0.24,0.0,ICE,ICE
2018-03-15,74.45999908447266,74.56999969482422,73.8499984741211,74.26000213623047,67.2533187866211,3587300,0.0,0.0,ICE,ICE
2018-03-16,74.31999969482422,74.9000015258789,73.87000274658203,74.52999877929688,67.49784851074219,6549500,0.0,0.0,ICE,ICE
2018-03-19,74.36000061035156,74.8499984741211,73.69000244140625,74.05999755859375,67.0721664428711,3400800,0.0,0.0,ICE,ICE
2018-03-20,74.18000030517578,74.7300033569336,73.9800033569336,74.41000366210938,67.3891830444336,2955200,0.0,0.0,ICE,ICE
2018-03-21,74.62999725341797,74.70999908447266,73.52999877929688,74.0199966430664,67.03594970703125,2165400,0.0,0.0,ICE,ICE
2018-03-22,73.2699966430664,73.75,71.66999816894531,71.7300033569336,64.9620361328125,2716900,0.0,0.0,ICE,ICE
2018-03-23,71.93000030517578,71.98999786376953,70.29000091552734,70.31999969482422,63.68506622314453,2472900,0.0,0.0,ICE,ICE
2018-03-26,71.18000030517578,73.1500015258789,70.94000244140625,73.0,66.1122055053711,2888700,0.0,0.0,ICE,ICE
2018-03-27,73.0,73.56999969482422,71.30000305175781,71.80000305175781,65.02542114257812,3150300,0.0,0.0,ICE,ICE
2018-03-28,71.6500015258789,72.45999908447266,70.76000213623047,71.44999694824219,64.70842742919922,2117000,0.0,0.0,ICE,ICE
2018-03-29,71.72000122070312,72.88999938964844,71.08000183105469,72.5199966430664,65.67748260498047,3491100,0.0,0.0,ICE,ICE
2018-04-02,72.48999786376953,72.8499984741211,69.80000305175781,71.0999984741211,64.39147186279297,2960800,0.0,0.0,ICE,ICE
2018-04-03,71.5199966430664,72.72000122070312,71.16999816894531,72.6500015258789,65.79524230957031,3126200,0.0,0.0,ICE,ICE
2018-04-04,71.5199966430664,72.62000274658203,71.48999786376953,72.38999938964844,65.55976104736328,2290200,0.0,0.0,ICE,ICE
2018-04-05,72.72000122070312,73.23999786376953,72.4800033569336,72.52999877929688,65.68653869628906,2235200,0.0,0.0,ICE,ICE
2018-04-06,71.95999908447266,72.11000061035156,70.08999633789062,70.62000274658203,63.95676040649414,1833200,0.0,0.0,ICE,ICE
2018-04-09,71.19000244140625,72.06999969482422,70.77999877929688,70.88999938964844,64.20130157470703,1928900,0.0,0.0,ICE,ICE
2018-04-10,72.2699966430664,72.7699966430664,71.86000061035156,72.47000122070312,65.63221740722656,2489200,0.0,0.0,ICE,ICE
2018-04-11,71.81999969482422,72.25,71.12000274658203,71.38999938964844,64.65410614013672,1722900,0.0,0.0,ICE,ICE
2018-04-12,71.72000122070312,72.93000030517578,71.55999755859375,72.45999908447266,65.6231689453125,2591000,0.0,0.0,ICE,ICE
2018-04-13,73.08999633789062,73.16999816894531,72.12000274658203,72.54000091552734,65.69561767578125,2095300,0.0,0.0,ICE,ICE
2018-04-16,73.05999755859375,73.5999984741211,72.97000122070312,73.18000030517578,66.27520751953125,2739800,0.0,0.0,ICE,ICE
2018-04-17,73.55000305175781,74.06999969482422,73.43000030517578,73.43000030517578,66.50162506103516,2616800,0.0,0.0,ICE,ICE
2018-04-18,73.76000213623047,74.38999938964844,73.66000366210938,74.31999969482422,67.30765533447266,2108200,0.0,0.0,ICE,ICE
2018-04-19,74.43000030517578,75.08000183105469,74.36000061035156,74.62000274658203,67.579345703125,2668600,0.0,0.0,ICE,ICE
2018-04-20,74.94999694824219,74.95999908447266,73.93000030517578,74.37000274658203,67.35295104980469,2475600,0.0,0.0,ICE,ICE
2018-04-23,74.36000061035156,74.44000244140625,73.47000122070312,73.91999816894531,66.94538879394531,1491400,0.0,0.0,ICE,ICE
2018-04-24,74.18000030517578,74.37999725341797,72.55999755859375,73.02999877929688,66.13936614990234,2160200,0.0,0.0,ICE,ICE
2018-04-25,72.94999694824219,73.30999755859375,72.44000244140625,73.20999908447266,66.30238342285156,1643600,0.0,0.0,ICE,ICE
2018-04-26,73.3499984741211,73.69999694824219,72.41999816894531,72.95999908447266,66.07596588134766,2640300,0.0,0.0,ICE,ICE
2018-04-27,73.04000091552734,73.18000030517578,72.3499984741211,72.72000122070312,65.85862731933594,1903600,0.0,0.0,ICE,ICE
2018-04-30,72.9000015258789,73.7699966430664,72.44999694824219,72.45999908447266,65.6231689453125,1722700,0.0,0.0,ICE,ICE
2018-05-01,72.23999786376953,72.43000030517578,71.66000366210938,72.33999633789062,65.51445007324219,2174700,0.0,0.0,ICE,ICE
2018-05-02,72.33000183105469,73.05000305175781,72.12999725341797,72.37999725341797,65.55069732666016,3037700,0.0,0.0,ICE,ICE
2018-05-03,72.0,72.0,67.69999694824219,70.13999938964844,63.52205657958984,7256600,0.0,0.0,ICE,ICE
2018-05-04,69.36000061035156,70.58999633789062,69.08000183105469,70.25,63.62165451049805,3402000,0.0,0.0,ICE,ICE
2018-05-07,70.26000213623047,71.05000305175781,70.18000030517578,70.56999969482422,63.91148376464844,3080200,0.0,0.0,ICE,ICE
2018-05-08,70.44000244140625,70.62999725341797,69.56999969482422,70.06999969482422,63.45866775512695,2595800,0.0,0.0,ICE,ICE
2018-05-09,70.36000061035156,72.29000091552734,70.31999969482422,71.87000274658203,65.08881378173828,2670300,0.0,0.0,ICE,ICE
2018-05-10,71.80999755859375,71.9800033569336,71.12999725341797,71.37999725341797,64.64505767822266,1910500,0.0,0.0,ICE,ICE
2018-05-11,71.19999694824219,71.70999908447266,70.8499984741211,71.41999816894531,64.68128967285156,3478600,0.0,0.0,ICE,ICE
2018-05-14,71.5,72.01000213623047,71.23999786376953,71.72000122070312,64.9529800415039,2235200,0.0,0.0,ICE,ICE
2018-05-15,71.51000213623047,71.97000122070312,71.31999969482422,71.9000015258789,65.11597442626953,2277000,0.0,0.0,ICE,ICE
2018-05-16,71.9000015258789,72.55999755859375,71.44000244140625,72.2699966430664,65.45108795166016,2862300,0.0,0.0,ICE,ICE
2018-05-17,72.4000015258789,72.68000030517578,71.9800033569336,72.4000015258789,65.56880187988281,1754200,0.0,0.0,ICE,ICE
2018-05-18,72.25,72.5199966430664,71.45999908447266,71.55000305175781,64.79901885986328,1660000,0.0,0.0,ICE,ICE
2018-05-21,71.9800033569336,72.55000305175781,71.9000015258789,72.36000061035156,65.53260040283203,1777100,0.0,0.0,ICE,ICE
2018-05-22,72.16999816894531,72.33999633789062,71.47000122070312,71.75,64.98014831542969,1447400,0.0,0.0,ICE,ICE
2018-05-23,71.3499984741211,71.61000061035156,70.45999908447266,71.2699966430664,64.54542541503906,2185800,0.0,0.0,ICE,ICE
2018-05-24,71.2300033569336,71.45999908447266,70.5999984741211,71.2699966430664,64.54542541503906,1567700,0.0,0.0,ICE,ICE
2018-05-25,71.08000183105469,71.13999938964844,70.55000305175781,70.86000061035156,64.17414093017578,1802700,0.0,0.0,ICE,ICE
2018-05-29,70.30999755859375,70.4800033569336,69.33000183105469,69.81999969482422,63.23226165771485,2682100,0.0,0.0,ICE,ICE
2018-05-30,70.4800033569336,72.04000091552734,70.4000015258789,71.66000366210938,64.89864349365234,3044600,0.0,0.0,ICE,ICE
2018-05-31,71.5,71.94000244140625,70.87000274658203,70.88999938964844,64.20130157470703,3568000,0.0,0.0,ICE,ICE
2018-06-01,71.62000274658203,72.27999877929688,71.5999984741211,72.11000061035156,65.30619049072266,2408300,0.0,0.0,ICE,ICE
2018-06-04,72.37000274658203,72.63999938964844,72.0199966430664,72.51000213623047,65.6684341430664,1572100,0.0,0.0,ICE,ICE
2018-06-05,72.37999725341797,74.08000183105469,72.33000183105469,73.77999877929688,66.81859588623047,3133100,0.0,0.0,ICE,ICE
2018-06-06,74.41999816894531,76.06999969482422,74.20999908447266,75.9800033569336,68.81102752685547,3663000,0.0,0.0,ICE,ICE
2018-06-07,76.2300033569336,76.69000244140625,75.0999984741211,75.48999786376953,68.36727905273438,3451700,0.0,0.0,ICE,ICE
2018-06-08,75.68000030517578,75.87999725341797,75.20999908447266,75.66000366210938,68.521240234375,2642200,0.0,0.0,ICE,ICE
2018-06-11,75.73999786376953,75.87999725341797,74.98999786376953,75.33000183105469,68.22235107421875,1995900,0.0,0.0,ICE,ICE
2018-06-12,75.91000366210938,76.08999633789062,74.80999755859375,75.44000244140625,68.32199096679688,2954700,0.0,0.0,ICE,ICE
2018-06-13,75.58999633789062,75.63999938964844,74.81999969482422,74.87000274658203,68.02214813232422,1841900,0.24,0.0,ICE,ICE
2018-06-14,75.0999984741211,75.25,74.26000213623047,74.5199966430664,67.70417785644531,1906600,0.0,0.0,ICE,ICE
2018-06-15,74.36000061035156,74.43000030517578,73.55999755859375,74.36000061035156,67.5588150024414,4074600,0.0,0.0,ICE,ICE
2018-06-18,73.9000015258789,74.44000244140625,73.62999725341797,74.41000366210938,67.604248046875,1651000,0.0,0.0,ICE,ICE
2018-06-19,73.7300033569336,74.77999877929688,73.58000183105469,74.2699966430664,67.47704315185547,1757900,0.0,0.0,ICE,ICE
2018-06-20,74.66000366210938,75.29000091552734,74.55000305175781,74.61000061035156,67.78594970703125,1775100,0.0,0.0,ICE,ICE
2018-06-21,74.80000305175781,75.05999755859375,73.76000213623047,74.93000030517578,68.0766830444336,1613200,0.0,0.0,ICE,ICE
2018-06-22,75.41000366210938,75.62999725341797,74.75,74.80000305175781,67.95854949951172,1913800,0.0,0.0,ICE,ICE
2018-06-25,74.62999725341797,74.77999877929688,73.56999969482422,74.30000305175781,67.50428771972656,1830100,0.0,0.0,ICE,ICE
2018-06-26,74.36000061035156,75.2699966430664,74.30000305175781,74.56999969482422,67.74959564208984,1954100,0.0,0.0,ICE,ICE
2018-06-27,74.5,74.94999694824219,73.52999877929688,73.52999877929688,66.80471801757812,2760200,0.0,0.0,ICE,ICE
2018-06-28,73.47000122070312,74.1500015258789,73.4000015258789,73.83999633789062,67.08634948730469,1974000,0.0,0.0,ICE,ICE
2018-06-29,74.33999633789062,74.5,73.54000091552734,73.55000305175781,66.82290649414062,3021200,0.0,0.0,ICE,ICE
2018-07-02,73.30999755859375,73.77999877929688,72.87999725341797,73.7300033569336,66.98643493652344,2067700,0.0,0.0,ICE,ICE
2018-07-03,74.0,74.33000183105469,72.36000061035156,72.58999633789062,65.95069885253906,1148900,0.0,0.0,ICE,ICE
2018-07-05,72.83999633789062,73.01000213623047,72.20999908447266,72.69999694824219,66.0506362915039,1475900,0.0,0.0,ICE,ICE
2018-07-06,72.75,73.5999984741211,72.44000244140625,73.0999984741211,66.4140625,1648100,0.0,0.0,ICE,ICE
2018-07-09,73.37999725341797,74.76000213623047,73.33999633789062,74.58000183105469,67.75870513916016,1900100,0.0,0.0,ICE,ICE
2018-07-10,74.58000183105469,74.91999816894531,74.05999755859375,74.44000244140625,67.63150024414062,1821900,0.0,0.0,ICE,ICE
2018-07-11,73.94000244140625,74.95999908447266,73.94000244140625,74.63999938964844,67.81319427490234,1339800,0.0,0.0,ICE,ICE
2018-07-12,75.22000122070312,75.37999725341797,74.29000091552734,74.76000213623047,67.92222595214844,1588500,0.0,0.0,ICE,ICE
2018-07-13,74.80999755859375,74.80999755859375,73.80000305175781,74.69999694824219,67.86772155761719,1242600,0.0,0.0,ICE,ICE
2018-07-16,74.87999725341797,75.36000061035156,74.70999908447266,75.19000244140625,68.31290435791016,1185900,0.0,0.0,ICE,ICE
2018-07-17,74.9800033569336,75.79000091552734,74.81999969482422,75.61000061035156,68.69447326660156,1452200,0.0,0.0,ICE,ICE
2018-07-18,75.68000030517578,76.87000274658203,75.33999633789062,76.7699966430664,69.74838256835938,1647000,0.0,0.0,ICE,ICE
2018-07-19,76.66000366210938,76.97000122070312,75.69000244140625,75.76000213623047,68.83077239990234,1595600,0.0,0.0,ICE,ICE
2018-07-20,75.44000244140625,75.87999725341797,75.0999984741211,75.80999755859375,68.8761978149414,1840100,0.0,0.0,ICE,ICE
2018-07-23,75.75,76.61000061035156,75.6500015258789,76.58999633789062,69.58484649658203,2191900,0.0,0.0,ICE,ICE
2018-07-24,76.69000244140625,76.93000030517578,76.23999786376953,76.44000244140625,69.44855499267578,3911300,0.0,0.0,ICE,ICE
2018-07-25,76.23999786376953,76.8499984741211,75.91999816894531,76.79000091552734,69.76655578613281,2197600,0.0,0.0,ICE,ICE
2018-07-26,76.83000183105469,77.22000122070312,76.55000305175781,77.05000305175781,70.00277709960938,2155700,0.0,0.0,ICE,ICE
2018-07-27,76.7699966430664,77.19000244140625,76.16000366210938,76.30000305175781,69.32135772705078,1722600,0.0,0.0,ICE,ICE
2018-07-30,76.19999694824219,76.51000213623047,74.16000366210938,74.29000091552734,67.49519348144531,2239000,0.0,0.0,ICE,ICE
2018-07-31,74.7699966430664,74.95999908447266,73.19999694824219,73.91000366210938,67.14996337890625,3340800,0.0,0.0,ICE,ICE
2018-08-01,74.05000305175781,75.01000213623047,73.52999877929688,73.66999816894531,66.93193817138672,1954900,0.0,0.0,ICE,ICE
2018-08-02,72.70999908447266,73.6500015258789,72.05999755859375,72.88999938964844,66.22327423095703,4277400,0.0,0.0,ICE,ICE
2018-08-03,72.94000244140625,72.94000244140625,72.36000061035156,72.80999755859375,66.15058898925781,2829100,0.0,0.0,ICE,ICE
2018-08-06,72.76000213623047,72.88999938964844,72.4000015258789,72.58000183105469,65.94161987304688,2445100,0.0,0.0,ICE,ICE
2018-08-07,72.80000305175781,73.88999938964844,72.66000366210938,73.72000122070312,66.97734832763672,1504100,0.0,0.0,ICE,ICE
2018-08-08,73.73999786376953,74.01000213623047,73.19000244140625,73.22000122070312,66.5230712890625,1502800,0.0,0.0,ICE,ICE
2018-08-09,73.20999908447266,73.37999725341797,73.02999877929688,73.2300033569336,66.53215789794922,1335300,0.0,0.0,ICE,ICE
2018-08-10,72.95999908447266,73.5199966430664,72.4800033569336,73.2699966430664,66.56851959228516,1940600,0.0,0.0,ICE,ICE
2018-08-13,73.33000183105469,74.0,72.94999694824219,72.97000122070312,66.29595184326172,2269300,0.0,0.0,ICE,ICE
2018-08-14,73.18000030517578,73.66000366210938,72.95999908447266,73.5,66.77747344970703,1555100,0.0,0.0,ICE,ICE
2018-08-15,73.33000183105469,73.70999908447266,72.91000366210938,73.12999725341797,66.44132995605469,1409400,0.0,0.0,ICE,ICE
2018-08-16,73.43000030517578,73.79000091552734,73.19000244140625,73.27999877929688,66.57759094238281,1970200,0.0,0.0,ICE,ICE
2018-08-17,73.30000305175781,74.12000274658203,73.0,74.05000305175781,67.27717590332031,2785100,0.0,0.0,ICE,ICE
2018-08-20,74.0999984741211,74.44000244140625,73.95999908447266,74.13999938964844,67.35892486572266,1655700,0.0,0.0,ICE,ICE
2018-08-21,73.9000015258789,74.0,73.12000274658203,73.13999938964844,66.45037841796875,2953100,0.0,0.0,ICE,ICE
2018-08-22,72.79000091552734,73.55000305175781,72.5199966430664,73.4000015258789,66.68660736083984,2150400,0.0,0.0,ICE,ICE
2018-08-23,73.54000091552734,74.02999877929688,72.94999694824219,73.0,66.32320404052734,2536800,0.0,0.0,ICE,ICE
2018-08-24,73.0999984741211,73.37000274658203,72.91000366210938,73.19000244140625,66.4958267211914,3120400,0.0,0.0,ICE,ICE
2018-08-27,73.61000061035156,74.37000274658203,73.47000122070312,74.13999938964844,67.35892486572266,2272500,0.0,0.0,ICE,ICE
2018-08-28,74.26000213623047,74.91000366210938,74.12000274658203,74.6500015258789,67.8222885131836,2286000,0.0,0.0,ICE,ICE
2018-08-29,74.61000061035156,75.72000122070312,74.61000061035156,75.6500015258789,68.73081970214844,2229400,0.0,0.0,ICE,ICE
2018-08-30,75.44999694824219,75.97000122070312,75.38999938964844,75.75,68.82168579101562,2615500,0.0,0.0,ICE,ICE
2018-08-31,75.52999877929688,76.30999755859375,75.41000366210938,76.2300033569336,69.2577896118164,1980200,0.0,0.0,ICE,ICE
2018-09-04,76.30999755859375,77.36000061035156,76.08999633789062,77.33999633789062,70.26627349853516,2968600,0.0,0.0,ICE,ICE
2018-09-05,77.54000091552734,77.80999755859375,76.58000183105469,76.70999908447266,69.69385528564453,3740100,0.0,0.0,ICE,ICE
2018-09-06,76.69999694824219,77.55000305175781,76.33000183105469,77.37999725341797,70.30257415771484,2706800,0.0,0.0,ICE,ICE
2018-09-07,77.48999786376953,77.98999786376953,77.18000030517578,77.83999633789062,70.72051239013672,2161900,0.0,0.0,ICE,ICE
2018-09-10,78.16999816894531,78.47000122070312,77.79000091552734,78.0,70.86588287353516,1957300,0.0,0.0,ICE,ICE
2018-09-11,77.93000030517578,78.4800033569336,77.72000122070312,78.11000061035156,70.96580505371094,1732200,0.0,0.0,ICE,ICE
2018-09-12,77.83000183105469,77.83000183105469,76.23999786376953,76.33000183105469,69.56236267089844,2845300,0.24,0.0,ICE,ICE
2018-09-13,76.61000061035156,77.41999816894531,76.31999969482422,77.36000061035156,70.50106811523438,1981800,0.0,0.0,ICE,ICE
2018-09-14,77.55000305175781,78.05000305175781,77.5199966430664,77.97000122070312,71.05696868896484,1370000,0.0,0.0,ICE,ICE
2018-09-17,78.0,78.05999755859375,77.36000061035156,77.5199966430664,70.6468734741211,1541400,0.0,0.0,ICE,ICE
2018-09-18,77.54000091552734,78.41999816894531,77.4800033569336,78.18000030517578,71.24834442138672,2208000,0.0,0.0,ICE,ICE
2018-09-19,78.33999633789062,78.33999633789062,77.45999908447266,77.58000183105469,70.70154571533203,2253400,0.0,0.0,ICE,ICE
2018-09-20,77.95999908447266,78.05000305175781,77.45999908447266,77.68000030517578,70.79267883300781,2428400,0.0,0.0,ICE,ICE
2018-09-21,77.66999816894531,78.19000244140625,77.58999633789062,77.81999969482422,70.92025756835938,4292300,0.0,0.0,ICE,ICE
2018-09-24,77.73999786376953,78.05000305175781,77.47000122070312,77.62999725341797,70.74710845947266,1794500,0.0,0.0,ICE,ICE
2018-09-25,77.7699966430664,77.7699966430664,76.2300033569336,76.37000274658203,69.59882354736328,2851200,0.0,0.0,ICE,ICE
2018-09-26,76.58999633789062,76.61000061035156,75.16000366210938,75.18000030517578,68.51432800292969,2392200,0.0,0.0,ICE,ICE
2018-09-27,75.25,75.55999755859375,74.97000122070312,74.98999786376953,68.3411636352539,2752300,0.0,0.0,ICE,ICE
2018-09-28,75.0,75.29000091552734,74.66000366210938,74.88999938964844,68.25004577636719,4184100,0.0,0.0,ICE,ICE
2018-10-01,75.0199966430664,75.41999816894531,74.48999786376953,75.25,68.57811737060547,3171400,0.0,0.0,ICE,ICE
2018-10-02,75.22000122070312,75.2300033569336,74.45999908447266,74.86000061035156,68.22272491455078,2256900,0.0,0.0,ICE,ICE
2018-10-03,75.30000305175781,75.55000305175781,74.63999938964844,74.86000061035156,68.22272491455078,2407100,0.0,0.0,ICE,ICE
2018-10-04,75.02999877929688,76.19000244140625,74.9000015258789,75.91000366210938,69.17959594726562,3107700,0.0,0.0,ICE,ICE
2018-10-05,75.91000366210938,76.62000274658203,75.7300033569336,76.0199966430664,69.27984619140625,1935300,0.0,0.0,ICE,ICE
2018-10-08,75.80000305175781,75.87999725341797,74.86000061035156,75.37999725341797,68.69658660888672,2265200,0.0,0.0,ICE,ICE
2018-10-09,75.23999786376953,76.25,75.05999755859375,76.04000091552734,69.29808807373047,2008200,0.0,0.0,ICE,ICE
2018-10-10,75.9800033569336,76.19999694824219,74.08000183105469,74.12999725341797,67.55743408203125,2981000,0.0,0.0,ICE,ICE
2018-10-11,73.91000366210938,74.27999877929688,72.31999969482422,72.48999786376953,66.06282806396484,3567600,0.0,0.0,ICE,ICE
2018-10-12,73.62000274658203,73.75,72.5199966430664,73.30000305175781,66.801025390625,2668600,0.0,0.0,ICE,ICE
2018-10-15,73.1500015258789,73.44000244140625,72.62000274658203,72.68000030517578,66.23596954345703,1672800,0.0,0.0,ICE,ICE
2018-10-16,73.16999816894531,75.06999969482422,72.94999694824219,74.93000030517578,68.28651428222656,2666200,0.0,0.0,ICE,ICE
2018-10-17,73.75,74.11000061035156,72.68000030517578,73.56999969482422,67.04706573486328,4180300,0.0,0.0,ICE,ICE
2018-10-18,73.80999755859375,74.31999969482422,73.05000305175781,73.52999877929688,67.01061248779297,2769500,0.0,0.0,ICE,ICE
2018-10-19,73.5199966430664,74.4800033569336,73.37000274658203,74.29000091552734,67.70323181152344,3423500,0.0,0.0,ICE,ICE
2018-10-22,74.5,74.66000366210938,73.7300033569336,73.80999755859375,67.26580047607422,1917800,0.0,0.0,ICE,ICE
2018-10-23,72.77999877929688,74.70999908447266,72.5999984741211,74.3499984741211,67.75790405273438,3028900,0.0,0.0,ICE,ICE
2018-10-24,74.31999969482422,74.56999969482422,73.63999938964844,73.81999969482422,67.27491760253906,3764800,0.0,0.0,ICE,ICE
2018-10-25,74.05000305175781,74.6500015258789,73.52999877929688,74.12000274658203,67.54830932617188,3162500,0.0,0.0,ICE,ICE
2018-10-26,73.44000244140625,74.41999816894531,73.37000274658203,73.73999786376953,67.20199584960938,4018500,0.0,0.0,ICE,ICE
2018-10-29,73.73999786376953,74.37999725341797,72.11000061035156,72.87000274658203,66.40914154052734,4264000,0.0,0.0,ICE,ICE
2018-10-30,73.41000366210938,73.69999694824219,72.48999786376953,73.0999984741211,66.61873626708984,8262900,0.0,0.0,ICE,ICE
2018-10-31,74.01000213623047,77.37999725341797,73.27999877929688,77.04000091552734,70.20942687988281,7718500,0.0,0.0,ICE,ICE
2018-11-01,77.62999725341797,77.73999786376953,75.6500015258789,75.86000061035156,69.1340560913086,4054600,0.0,0.0,ICE,ICE
2018-11-02,76.54000091552734,76.91999816894531,75.83999633789062,76.91000366210938,70.09092712402344,2648900,0.0,0.0,ICE,ICE
2018-11-05,77.0,78.62999725341797,76.9800033569336,78.22000122070312,71.2847900390625,2775100,0.0,0.0,ICE,ICE
2018-11-06,78.19999694824219,78.51000213623047,77.70999908447266,78.0999984741211,71.17543029785156,1749100,0.0,0.0,ICE,ICE
2018-11-07,78.54000091552734,78.86000061035156,78.0199966430664,78.55000305175781,71.58553314208984,2184600,0.0,0.0,ICE,ICE
2018-11-08,78.23999786376953,80.0,78.23999786376953,79.94999694824219,72.86141967773438,3599700,0.0,0.0,ICE,ICE
2018-11-09,79.79000091552734,79.94000244140625,78.26000213623047,79.08000183105469,72.06853485107422,2842400,0.0,0.0,ICE,ICE
2018-11-12,79.02999877929688,79.44000244140625,77.88999938964844,77.9000015258789,70.99317169189453,2317100,0.0,0.0,ICE,ICE
2018-11-13,78.2699966430664,79.16000366210938,78.11000061035156,78.91000366210938,71.91362762451172,3250600,0.0,0.0,ICE,ICE
2018-11-14,79.62000274658203,79.97000122070312,78.08999633789062,78.80000305175781,71.81338500976562,3141200,0.0,0.0,ICE,ICE
2018-11-15,78.22000122070312,80.22000122070312,77.80000305175781,80.19000244140625,73.08014678955078,3167700,0.0,0.0,ICE,ICE
2018-11-16,79.73999786376953,81.29000091552734,79.44000244140625,81.22000122070312,74.01880645751953,4531600,0.0,0.0,ICE,ICE
2018-11-19,81.08999633789062,81.94999694824219,80.79000091552734,81.38999938964844,74.1737289428711,2957600,0.0,0.0,ICE,ICE
2018-11-20,80.31999969482422,80.33999633789062,78.80999755859375,79.91999816894531,72.83404541015625,4050900,0.0,0.0,ICE,ICE
2018-11-21,80.13999938964844,80.37999725341797,79.31999969482422,79.33000183105469,72.29637908935547,2861100,0.0,0.0,ICE,ICE
2018-11-23,79.05999755859375,79.33000183105469,78.69000244140625,78.91999816894531,71.92272186279297,1179700,0.0,0.0,ICE,ICE
2018-11-26,79.3499984741211,80.62999725341797,79.30000305175781,80.37000274658203,73.24417114257812,3217800,0.0,0.0,ICE,ICE
2018-11-27,79.98999786376953,81.5199966430664,79.97000122070312,81.37000274658203,74.15550231933594,3418000,0.0,0.0,ICE,ICE
2018-11-28,81.38999938964844,81.76000213623047,80.2300033569336,81.66000366210938,74.4197998046875,3682100,0.0,0.0,ICE,ICE
2018-11-29,81.27999877929688,81.77999877929688,80.62000274658203,81.08999633789062,73.90032958984375,3218500,0.0,0.0,ICE,ICE
2018-11-30,81.08999633789062,81.83000183105469,81.0,81.72000122070312,74.47447967529297,4717700,0.0,0.0,ICE,ICE
2018-12-03,82.20999908447266,82.6500015258789,80.6500015258789,81.12999725341797,73.93677520751953,3486200,0.0,0.0,ICE,ICE
2018-12-04,80.5999984741211,80.9800033569336,78.95999908447266,79.12000274658203,72.10501098632812,4654800,0.0,0.0,ICE,ICE
2018-12-06,78.2699966430664,79.55000305175781,77.9800033569336,79.26000213623047,72.23260498046875,4963800,0.0,0.0,ICE,ICE
2018-12-07,79.47000122070312,79.97000122070312,77.80000305175781,78.55000305175781,71.58553314208984,2590200,0.0,0.0,ICE,ICE
2018-12-10,78.5199966430664,79.12000274658203,77.0199966430664,78.93000030517578,71.9318618774414,2185400,0.0,0.0,ICE,ICE
2018-12-11,79.7699966430664,79.87000274658203,77.9800033569336,78.08999633789062,71.16632843017578,3155100,0.0,0.0,ICE,ICE
2018-12-12,78.9000015258789,78.9000015258789,77.95999908447266,78.0,71.08428955078125,2550100,0.0,0.0,ICE,ICE
2018-12-13,78.0199966430664,78.02999877929688,76.91000366210938,77.58999633789062,70.92887878417969,2078900,0.24,0.0,ICE,ICE
2018-12-14,77.05999755859375,77.83000183105469,76.70999908447266,77.0999984741211,70.48098754882812,2363500,0.0,0.0,ICE,ICE
2018-12-17,76.91999816894531,77.37999725341797,76.12999725341797,76.37999725341797,69.82275390625,3893700,0.0,0.0,ICE,ICE
2018-12-18,76.83999633789062,76.9800033569336,74.6500015258789,75.01000213623047,68.5704116821289,3543300,0.0,0.0,ICE,ICE
2018-12-19,75.16999816894531,76.47000122070312,74.52999877929688,75.08000183105469,68.63438415527344,3055300,0.0,0.0,ICE,ICE
2018-12-20,74.69000244140625,74.91999816894531,73.12000274658203,73.58999633789062,67.27227783203125,3594800,0.0,0.0,ICE,ICE
2018-12-21,73.23999786376953,74.86000061035156,72.45999908447266,72.81999969482422,66.56837463378906,4875100,0.0,0.0,ICE,ICE
2018-12-24,72.1500015258789,72.55999755859375,70.62999725341797,70.68000030517578,64.61211395263672,1485700,0.0,0.0,ICE,ICE
2018-12-26,71.0199966430664,73.25,69.69000244140625,73.25,66.96148681640625,2884400,0.0,0.0,ICE,ICE
2018-12-27,72.20999908447266,74.25,71.55000305175781,74.25,67.87561798095703,1997600,0.0,0.0,ICE,ICE
2018-12-28,74.44999694824219,75.2699966430664,73.58000183105469,74.44999694824219,68.0584716796875,1617500,0.0,0.0,ICE,ICE
2018-12-31,74.72000122070312,75.33000183105469,74.44000244140625,75.33000183105469,68.86289978027344,1728900,0.0,0.0,ICE,ICE
2019-01-02,74.48999786376953,75.47000122070312,74.4000015258789,75.33000183105469,68.86289978027344,2274300,0.0,0.0,ICE,ICE
2019-01-03,75.08999633789062,75.56999969482422,73.83000183105469,73.9800033569336,67.62882995605469,3066300,0.0,0.0,ICE,ICE
2019-01-04,74.83999633789062,75.87999725341797,74.01000213623047,75.66999816894531,69.17371368408203,3760600,0.0,0.0,ICE,ICE
2019-01-07,73.31999969482422,74.76000213623047,73.01000213623047,73.37999725341797,67.08032989501953,4822800,0.0,0.0,ICE,ICE
2019-01-08,73.7699966430664,74.12000274658203,71.19999694824219,72.1500015258789,65.9559097290039,4845700,0.0,0.0,ICE,ICE
2019-01-09,72.18000030517578,73.0199966430664,71.93000030517578,72.44000244140625,66.22103118896484,3301900,0.0,0.0,ICE,ICE
2019-01-10,72.30000305175781,72.9800033569336,72.08000183105469,72.77999877929688,66.53181457519531,2758600,0.0,0.0,ICE,ICE
2019-01-11,72.43000030517578,73.18000030517578,72.16999816894531,73.0999984741211,66.82435607910156,1647700,0.0,0.0,ICE,ICE
2019-01-14,72.3499984741211,72.97000122070312,72.0999984741211,72.69999694824219,66.45869445800781,3197400,0.0,0.0,ICE,ICE
2019-01-15,72.58000183105469,73.55999755859375,72.38999938964844,73.51000213623047,67.19918823242188,1604100,0.0,0.0,ICE,ICE
2019-01-16,74.41999816894531,75.05000305175781,74.04000091552734,74.51000213623047,68.11332702636719,2888900,0.0,0.0,ICE,ICE
2019-01-17,74.2300033569336,75.02999877929688,74.05000305175781,74.8499984741211,68.42414093017578,2545900,0.0,0.0,ICE,ICE
2019-01-18,75.19000244140625,75.83000183105469,74.7300033569336,75.62999725341797,69.13716125488281,3166000,0.0,0.0,ICE,ICE
2019-01-22,75.5,76.30999755859375,75.31999969482422,75.87000274658203,69.35657501220703,2757800,0.0,0.0,ICE,ICE
2019-01-23,76.13999938964844,76.41999816894531,75.36000061035156,76.05999755859375,69.5302505493164,1743800,0.0,0.0,ICE,ICE
2019-01-24,75.97000122070312,76.16999816894531,75.12000274658203,75.20999908447266,68.75321197509766,2277100,0.0,0.0,ICE,ICE
2019-01-25,75.88999938964844,76.33000183105469,75.20999908447266,75.76000213623047,69.2560043334961,2573000,0.0,0.0,ICE,ICE
2019-01-28,75.4000015258789,75.80000305175781,75.01000213623047,75.70999908447266,69.21029663085938,1412600,0.0,0.0,ICE,ICE
2019-01-29,75.58999633789062,75.87000274658203,74.91000366210938,75.3499984741211,68.88119506835938,2140600,0.0,0.0,ICE,ICE
2019-01-30,75.22000122070312,76.41999816894531,75.08000183105469,76.22000122070312,69.676513671875,2617600,0.0,0.0,ICE,ICE
2019-01-31,75.80999755859375,76.88999938964844,75.72000122070312,76.76000213623047,70.170166015625,2554500,0.0,0.0,ICE,ICE
2019-02-01,77.04000091552734,77.83999633789062,76.80999755859375,77.5199966430664,70.86491394042969,2589600,0.0,0.0,ICE,ICE
2019-02-04,77.55999755859375,77.7300033569336,76.31999969482422,77.0999984741211,70.48098754882812,3107700,0.0,0.0,ICE,ICE
2019-02-05,77.16999816894531,77.4000015258789,76.79000091552734,77.30999755859375,70.67294311523438,3217800,0.0,0.0,ICE,ICE
2019-02-06,77.0199966430664,80.0999984741211,76.66999816894531,77.38999938964844,70.7460708618164,3572500,0.0,0.0,ICE,ICE
2019-02-07,76.33999633789062,76.37999725341797,74.27999877929688,75.55000305175781,69.06403350830078,5770600,0.0,0.0,ICE,ICE
2019-02-08,75.12999725341797,76.22000122070312,74.62999725341797,76.16000366210938,69.62166595458984,3863500,0.0,0.0,ICE,ICE
2019-02-11,76.12999725341797,76.54000091552734,75.19000244140625,75.5199966430664,69.03661346435547,2915700,0.0,0.0,ICE,ICE
2019-02-12,75.95999908447266,76.66999816894531,75.66999816894531,76.12999725341797,69.59423065185547,2608800,0.0,0.0,ICE,ICE
2019-02-13,76.44999694824219,77.36000061035156,76.23999786376953,76.68000030517578,70.09701538085938,2701700,0.0,0.0,ICE,ICE
2019-02-14,76.55000305175781,76.68000030517578,75.69000244140625,75.94999694824219,69.42969512939453,3497500,0.0,0.0,ICE,ICE
2019-02-15,75.47000122070312,76.11000061035156,74.48999786376953,75.5,69.01831817626953,7395600,0.0,0.0,ICE,ICE
2019-02-19,75.29000091552734,75.69999694824219,74.01000213623047,74.86000061035156,68.43327331542969,2356100,0.0,0.0,ICE,ICE
2019-02-20,74.75,74.88999938964844,74.02999877929688,74.4800033569336,68.08588409423828,3735600,0.0,0.0,ICE,ICE
2019-02-21,74.73999786376953,75.18000030517578,74.54000091552734,74.87000274658203,68.4424057006836,2898800,0.0,0.0,ICE,ICE
2019-02-22,75.05000305175781,75.36000061035156,74.94000244140625,75.18000030517578,68.72578430175781,2580800,0.0,0.0,ICE,ICE
2019-02-25,75.68000030517578,76.27999877929688,75.23999786376953,75.33999633789062,68.87206268310547,2403900,0.0,0.0,ICE,ICE
2019-02-26,75.13999938964844,75.5999984741211,75.0999984741211,75.30000305175781,68.83548736572266,2426200,0.0,0.0,ICE,ICE
2019-02-27,75.12999725341797,76.44000244140625,75.0199966430664,76.20999908447266,69.66737365722656,2799100,0.0,0.0,ICE,ICE
2019-02-28,76.2699966430664,77.47000122070312,76.2699966430664,77.1500015258789,70.52667236328125,4001400,0.0,0.0,ICE,ICE
2019-03-01,77.5199966430664,78.16000366210938,77.08000183105469,77.19000244140625,70.56321716308594,3054600,0.0,0.0,ICE,ICE
2019-03-04,77.30000305175781,77.68000030517578,76.0,76.18000030517578,69.63993835449219,4659000,0.0,0.0,ICE,ICE
2019-03-05,76.23999786376953,76.41999816894531,75.2300033569336,75.37999725341797,68.90860748291016,2484400,0.0,0.0,ICE,ICE
2019-03-06,75.58000183105469,75.70999908447266,74.72000122070312,74.88999938964844,68.460693359375,1656200,0.0,0.0,ICE,ICE
2019-03-07,74.66999816894531,74.80000305175781,73.55999755859375,73.6500015258789,67.3271484375,2976100,0.0,0.0,ICE,ICE
2019-03-08,73.0,73.0,71.9000015258789,72.5,66.27586364746094,3328900,0.0,0.0,ICE,ICE
2019-03-11,72.87000274658203,73.16999816894531,72.25,72.55000305175781,66.32157897949219,2642300,0.0,0.0,ICE,ICE
2019-03-12,72.76000213623047,73.4800033569336,72.55999755859375,73.12000274658203,66.8426513671875,2645600,0.0,0.0,ICE,ICE
2019-03-13,73.18000030517578,74.27999877929688,73.08999633789062,74.05000305175781,67.69283294677734,3467300,0.0,0.0,ICE,ICE
2019-03-14,73.72000122070312,74.0999984741211,73.41000366210938,73.88999938964844,67.79833221435547,1961200,0.275,0.0,ICE,ICE
2019-03-15,73.75,74.6500015258789,73.69999694824219,74.62999725341797,68.47732543945312,3861900,0.0,0.0,ICE,ICE
2019-03-18,74.83999633789062,75.25,74.47000122070312,74.61000061035156,68.458984375,3606700,0.0,0.0,ICE,ICE
2019-03-19,75.0199966430664,75.12999725341797,74.02999877929688,74.25,68.12863159179688,2389700,0.0,0.0,ICE,ICE
2019-03-20,74.30000305175781,74.31999969482422,73.16000366210938,73.19999694824219,67.16520690917969,3225000,0.0,0.0,ICE,ICE
2019-03-21,72.88999938964844,73.83999633789062,72.86000061035156,73.38999938964844,67.33955383300781,2284500,0.0,0.0,ICE,ICE
2019-03-22,73.0199966430664,73.25,72.47000122070312,72.76000213623047,66.76148986816406,2886700,0.0,0.0,ICE,ICE
2019-03-25,72.8499984741211,74.0,72.7300033569336,73.77999877929688,67.6973876953125,2998500,0.0,0.0,ICE,ICE
2019-03-26,74.33000183105469,74.52999877929688,73.37999725341797,73.98999786376953,67.89006042480469,2566400,0.0,0.0,ICE,ICE
2019-03-27,73.9000015258789,74.2699966430664,73.5999984741211,73.86000061035156,67.77079010009766,2038500,0.0,0.0,ICE,ICE
2019-03-28,73.97000122070312,74.81999969482422,73.6500015258789,74.7699966430664,68.60577392578125,2063400,0.0,0.0,ICE,ICE
2019-03-29,75.26000213623047,76.19999694824219,75.16999816894531,76.13999938964844,69.8628158569336,4317200,0.0,0.0,ICE,ICE
2019-04-01,76.61000061035156,77.08999633789062,76.48999786376953,77.0,70.65191650390625,2972900,0.0,0.0,ICE,ICE
2019-04-02,77.1500015258789,77.69999694824219,76.95999908447266,77.37000274658203,70.9914321899414,2430700,0.0,0.0,ICE,ICE
2019-04-03,77.83000183105469,77.88999938964844,77.13999938964844,77.41999816894531,71.03730773925781,2295000,0.0,0.0,ICE,ICE
2019-04-04,77.38999938964844,77.56999969482422,76.95999908447266,77.26000213623047,70.89048767089844,2404700,0.0,0.0,ICE,ICE
2019-04-05,77.33999633789062,77.56999969482422,76.94000244140625,77.26000213623047,70.89048767089844,2370800,0.0,0.0,ICE,ICE
2019-04-08,76.95999908447266,77.12999725341797,76.56999969482422,77.0,70.65191650390625,2484900,0.0,0.0,ICE,ICE
2019-04-09,76.81999969482422,77.18000030517578,76.62000274658203,76.97000122070312,70.6244125366211,3121900,0.0,0.0,ICE,ICE
2019-04-10,76.97000122070312,77.08000183105469,76.72000122070312,76.8499984741211,70.51428985595703,1976500,0.0,0.0,ICE,ICE
2019-04-11,77.12999725341797,77.36000061035156,76.80000305175781,77.05999755859375,70.70697784423828,2193800,0.0,0.0,ICE,ICE
2019-04-12,77.7699966430664,78.12999725341797,77.0,77.27999877929688,70.90886688232422,5511000,0.0,0.0,ICE,ICE
2019-04-15,77.4000015258789,78.91999816894531,77.23999786376953,78.63999938964844,72.1567153930664,3970500,0.0,0.0,ICE,ICE
2019-04-16,78.7699966430664,79.87000274658203,78.58000183105469,79.44000244140625,72.8907699584961,2566200,0.0,0.0,ICE,ICE
2019-04-17,79.69000244140625,80.5999984741211,79.37999725341797,80.16000366210938,73.55139923095703,3266200,0.0,0.0,ICE,ICE
2019-04-18,80.08999633789062,80.5,79.80999755859375,79.86000061035156,73.2761459350586,2934900,0.0,0.0,ICE,ICE
2019-04-22,79.61000061035156,80.56999969482422,79.5199966430664,80.5,73.86337280273438,1474900,0.0,0.0,ICE,ICE
2019-04-23,80.66000366210938,80.83000183105469,79.98999786376953,80.52999877929688,73.89091491699219,2821300,0.0,0.0,ICE,ICE
2019-04-24,80.4800033569336,80.8499984741211,80.16999816894531,80.47000122070312,73.83588409423828,2603900,0.0,0.0,ICE,ICE
2019-04-25,80.27999877929688,81.01000213623047,80.01000213623047,80.81999969482422,74.15701293945312,1401200,0.0,0.0,ICE,ICE
2019-04-26,81.18000030517578,81.19999694824219,80.70999908447266,81.19000244140625,74.49649047851562,1585700,0.0,0.0,ICE,ICE
2019-04-29,81.18000030517578,81.94000244140625,81.08999633789062,81.69000244140625,74.95527648925781,1846200,0.0,0.0,ICE,ICE
2019-04-30,81.6500015258789,81.98999786376953,81.30000305175781,81.3499984741211,74.64329528808594,3095700,0.0,0.0,ICE,ICE
2019-05-01,81.23999786376953,81.5999984741211,80.66999816894531,80.66999816894531,74.0193862915039,3852500,0.0,0.0,ICE,ICE
2019-05-02,80.75,81.41999816894531,79.54000091552734,79.72000122070312,73.14768981933594,3360500,0.0,0.0,ICE,ICE
2019-05-03,79.9000015258789,80.45999908447266,79.5,79.69000244140625,73.12014770507812,2630200,0.0,0.0,ICE,ICE
2019-05-06,78.93000030517578,81.20999908447266,78.87000274658203,80.94999694824219,74.27629089355469,2850500,0.0,0.0,ICE,ICE
2019-05-07,80.4000015258789,80.7699966430664,79.55000305175781,80.0199966430664,73.42294311523438,2999700,0.0,0.0,ICE,ICE
2019-05-08,79.87999725341797,80.9000015258789,79.63999938964844,80.41000366210938,73.78081512451172,1941000,0.0,0.0,ICE,ICE
2019-05-09,79.70999908447266,81.08000183105469,79.54000091552734,80.80000305175781,74.1386489868164,1915200,0.0,0.0,ICE,ICE
2019-05-10,80.76000213623047,81.58999633789062,79.9000015258789,81.36000061035156,74.65248107910156,1628000,0.0,0.0,ICE,ICE
2019-05-13,80.16999816894531,80.73999786376953,79.79000091552734,80.5199966430664,73.8817367553711,1943900,0.0,0.0,ICE,ICE
2019-05-14,80.55999755859375,81.98999786376953,80.55000305175781,81.30999755859375,74.60657501220703,3179400,0.0,0.0,ICE,ICE
2019-05-15,80.72000122070312,81.37000274658203,80.58999633789062,80.61000061035156,73.96430969238281,1370400,0.0,0.0,ICE,ICE
2019-05-16,80.98999786376953,81.66000366210938,80.79000091552734,81.33999633789062,74.63414001464844,2443000,0.0,0.0,ICE,ICE
2019-05-17,80.72000122070312,81.58000183105469,80.72000122070312,81.22000122070312,74.52403259277344,1284400,0.0,0.0,ICE,ICE
2019-05-20,81.25,81.61000061035156,80.87000274658203,81.0999984741211,74.4139175415039,1788400,0.0,0.0,ICE,ICE
2019-05-21,81.5,82.06999969482422,81.33000183105469,81.80999755859375,75.06537628173828,2300900,0.0,0.0,ICE,ICE
2019-05-22,81.4000015258789,81.7300033569336,81.01000213623047,81.12000274658203,74.43228149414062,2333000,0.0,0.0,ICE,ICE
2019-05-23,80.76000213623047,81.45999908447266,80.47000122070312,81.25,74.5515365600586,3167200,0.0,0.0,ICE,ICE
2019-05-24,81.55999755859375,81.83000183105469,80.8499984741211,81.83000183105469,75.08372497558594,2693700,0.0,0.0,ICE,ICE
2019-05-28,81.80000305175781,82.79000091552734,81.69000244140625,82.06999969482422,75.30393981933594,4187800,0.0,0.0,ICE,ICE
2019-05-29,81.58000183105469,82.16999816894531,81.27999877929688,82.05000305175781,75.28560638427734,1800100,0.0,0.0,ICE,ICE
2019-05-30,82.19000244140625,82.72000122070312,82.01000213623047,82.61000061035156,75.79943084716797,1946300,0.0,0.0,ICE,ICE
2019-05-31,81.87999725341797,82.41000366210938,81.77999877929688,82.20999908447266,75.43240356445312,2540700,0.0,0.0,ICE,ICE
2019-06-03,82.30000305175781,82.66000366210938,81.94000244140625,82.5199966430664,75.71682739257812,3539000,0.0,0.0,ICE,ICE
2019-06-04,83.0,83.94000244140625,82.83000183105469,83.80999755859375,76.9005126953125,3872500,0.0,0.0,ICE,ICE
2019-06-05,84.16999816894531,85.01000213623047,84.0,84.94999694824219,77.94651794433594,2136300,0.0,0.0,ICE,ICE
2019-06-06,85.0999984741211,85.47000122070312,84.62999725341797,85.19000244140625,78.1667251586914,1815300,0.0,0.0,ICE,ICE
2019-06-07,85.29000091552734,85.8499984741211,85.27999877929688,85.37999725341797,78.34105682373047,1633200,0.0,0.0,ICE,ICE
2019-06-10,85.9000015258789,86.45999908447266,85.52999877929688,86.08000183105469,78.98334503173828,2669100,0.0,0.0,ICE,ICE
2019-06-11,86.5199966430664,86.77999877929688,84.68000030517578,84.94000244140625,77.93734741210938,1747900,0.0,0.0,ICE,ICE
2019-06-12,84.93000030517578,85.4800033569336,84.75,85.4800033569336,78.43283081054688,1431000,0.0,0.0,ICE,ICE
2019-06-13,85.45999908447266,85.45999908447266,84.25,84.56999969482422,77.8482894897461,1505400,0.275,0.0,ICE,ICE
2019-06-14,84.69000244140625,85.11000061035156,84.45999908447266,84.93000030517578,78.17967224121094,1248400,0.0,0.0,ICE,ICE
2019-06-17,85.16000366210938,85.37999725341797,83.94999694824219,84.04000091552734,77.36040496826172,1927100,0.0,0.0,ICE,ICE
2019-06-18,84.3499984741211,84.87000274658203,84.05000305175781,84.69000244140625,77.958740234375,1682400,0.0,0.0,ICE,ICE
2019-06-19,84.94000244140625,85.58999633789062,84.7699966430664,85.4800033569336,78.68597412109375,1493100,0.0,0.0,ICE,ICE
2019-06-20,85.43000030517578,86.6500015258789,85.43000030517578,86.43000030517578,79.5604476928711,1721900,0.0,0.0,ICE,ICE
2019-06-21,86.66999816894531,87.26000213623047,86.36000061035156,86.7699966430664,79.87342071533203,4287900,0.0,0.0,ICE,ICE
2019-06-24,86.58999633789062,87.12000274658203,86.41999816894531,86.5999984741211,79.71692657470703,2043400,0.0,0.0,ICE,ICE
2019-06-25,86.55000305175781,86.66999816894531,85.9000015258789,86.52999877929688,79.65251922607422,1738800,0.0,0.0,ICE,ICE
2019-06-26,86.5999984741211,86.5999984741211,84.5,84.5199966430664,77.80226135253906,1987900,0.0,0.0,ICE,ICE
2019-06-27,85.08999633789062,86.0199966430664,84.93000030517578,85.51000213623047,78.71356964111328,1434600,0.0,0.0,ICE,ICE
2019-06-28,85.51000213623047,85.94000244140625,85.25,85.94000244140625,79.10941314697266,3252900,0.0,0.0,ICE,ICE
2019-07-01,86.69000244140625,86.73999786376953,85.70999908447266,86.16000366210938,79.31190490722656,1579300,0.0,0.0,ICE,ICE
2019-07-02,86.1500015258789,87.37999725341797,86.1500015258789,87.37999725341797,80.43495178222656,1779500,0.0,0.0,ICE,ICE
2019-07-03,87.61000061035156,88.66000366210938,87.54000091552734,88.58999633789062,81.54876708984375,1665600,0.0,0.0,ICE,ICE
2019-07-05,88.81999969482422,89.58999633789062,88.45999908447266,89.5199966430664,82.40483856201172,1799300,0.0,0.0,ICE,ICE
2019-07-08,89.3499984741211,89.58000183105469,88.86000061035156,89.41000366210938,82.30359649658203,1722900,0.0,0.0,ICE,ICE
2019-07-09,89.19999694824219,89.63999938964844,89.05000305175781,89.5999984741211,82.47847747802734,1652800,0.0,0.0,ICE,ICE
2019-07-10,89.41999816894531,90.45999908447266,89.38999938964844,90.29000091552734,83.11366271972656,1837600,0.0,0.0,ICE,ICE
2019-07-11,90.5999984741211,91.7699966430664,90.22000122070312,91.7300033569336,84.43919372558594,2727700,0.0,0.0,ICE,ICE
2019-07-12,91.5,91.7300033569336,91.06999969482422,91.5500030517578,84.27350616455078,1773200,0.0,0.0,ICE,ICE
2019-07-15,91.79000091552734,91.91999816894533,91.06999969482422,91.88999938964844,84.58647918701172,1291100,0.0,0.0,ICE,ICE
2019-07-16,91.95999908447266,92.30999755859376,91.3000030517578,91.7699966430664,84.47601318359375,1176800,0.0,0.0,ICE,ICE
2019-07-17,91.56999969482422,91.9000015258789,90.77999877929688,90.91999816894533,83.69356536865234,1612200,0.0,0.0,ICE,ICE
2019-07-18,90.87000274658205,91.63999938964844,90.76000213623048,91.54000091552734,84.26431274414062,1859200,0.0,0.0,ICE,ICE
2019-07-19,91.79000091552734,91.81999969482422,90.6999969482422,90.7699966430664,83.55550384521484,1510500,0.0,0.0,ICE,ICE
2019-07-22,90.20999908447266,91.05999755859376,89.16999816894531,90.70999908447266,83.50027465820312,1671800,0.0,0.0,ICE,ICE
2019-07-23,90.69000244140624,91.08000183105467,89.97000122070312,90.9000015258789,83.67515563964844,2011400,0.0,0.0,ICE,ICE
2019-07-24,90.54000091552734,90.66000366210938,87.0999984741211,89.25,82.15630340576172,4039400,0.0,0.0,ICE,ICE
2019-07-25,89.3499984741211,89.91999816894531,89.01000213623047,89.58999633789062,82.46928405761719,1664500,0.0,0.0,ICE,ICE
2019-07-26,89.66000366210938,89.86000061035156,89.13999938964844,89.58999633789062,82.46928405761719,1548500,0.0,0.0,ICE,ICE
2019-07-29,89.55999755859375,89.55999755859375,87.9800033569336,88.18000030517578,81.17135620117188,2194500,0.0,0.0,ICE,ICE
2019-07-30,88.06999969482422,88.80000305175781,87.79000091552734,87.87000274658203,80.8860092163086,1382800,0.0,0.0,ICE,ICE
2019-07-31,87.95999908447266,88.4800033569336,87.37000274658203,87.86000061035156,80.87680053710938,2533300,0.0,0.0,ICE,ICE
2019-08-01,87.0199966430664,89.38999938964844,85.79000091552734,89.19999694824219,82.11028289794922,3272500,0.0,0.0,ICE,ICE
2019-08-02,89.1500015258789,90.68000030517578,88.5,90.41999816894533,83.23333740234375,2635000,0.0,0.0,ICE,ICE
2019-08-05,89.51000213623047,90.23999786376952,88.27999877929688,88.41999816894531,81.39229583740234,3134600,0.0,0.0,ICE,ICE
2019-08-06,88.7699966430664,90.5999984741211,88.25,90.56999969482422,83.37142181396484,2326200,0.0,0.0,ICE,ICE
2019-08-07,89.69999694824219,91.16999816894533,88.91999816894531,90.8499984741211,83.6291275024414,1913200,0.0,0.0,ICE,ICE
2019-08-08,91.16000366210938,92.13999938964844,90.47000122070312,91.91000366210938,84.60490417480469,1590900,0.0,0.0,ICE,ICE
2019-08-09,92.25,93.4000015258789,91.94000244140624,92.87999725341795,85.4977798461914,1693600,0.0,0.0,ICE,ICE
2019-08-12,92.38999938964844,92.41999816894533,90.4800033569336,90.58999633789062,83.3897933959961,2009800,0.0,0.0,ICE,ICE
2019-08-13,90.41000366210938,92.25,90.12000274658205,92.01000213623048,84.69696807861328,1971100,0.0,0.0,ICE,ICE
2019-08-14,90.9000015258789,91.91000366210938,89.26000213623047,89.2699966430664,82.17471313476562,2074600,0.0,0.0,ICE,ICE
2019-08-15,89.9000015258789,90.86000061035156,89.63999938964844,90.5,83.30696868896484,1365400,0.0,0.0,ICE,ICE
2019-08-16,90.93000030517578,91.9499969482422,90.47000122070312,91.66999816894533,84.38394927978516,1922500,0.0,0.0,ICE,ICE
2019-08-19,92.5500030517578,93.1500015258789,92.19000244140624,92.8499984741211,85.4701919555664,1649600,0.0,0.0,ICE,ICE
2019-08-20,92.8000030517578,93.12000274658205,91.93000030517578,92.02999877929688,84.71532440185547,1303100,0.0,0.0,ICE,ICE
2019-08-21,92.2300033569336,92.75,91.97000122070312,92.72000122070312,85.35050964355469,1339400,0.0,0.0,ICE,ICE
2019-08-22,93.0,93.33000183105467,91.9499969482422,92.5199966430664,85.1664047241211,1721200,0.0,0.0,ICE,ICE
2019-08-23,92.5,92.8000030517578,90.9499969482422,91.44000244140624,84.1722412109375,2116900,0.0,0.0,ICE,ICE
2019-08-26,92.11000061035156,92.54000091552734,91.55999755859376,92.51000213623048,85.15718841552734,1124200,0.0,0.0,ICE,ICE
2019-08-27,92.6999969482422,93.30999755859376,92.45999908447266,93.12000274658205,85.71875,1816700,0.0,0.0,ICE,ICE
2019-08-28,93.0,93.27999877929688,92.16999816894533,93.2699966430664,85.85680389404297,1741500,0.0,0.0,ICE,ICE
2019-08-29,93.5,93.87999725341795,92.47000122070312,92.77999877929688,85.4057388305664,1591800,0.0,0.0,ICE,ICE
2019-08-30,93.5,93.7699966430664,92.68000030517578,93.4800033569336,86.05012512207031,1473600,0.0,0.0,ICE,ICE
2019-09-03,93.12000274658205,93.8000030517578,93.08999633789062,93.7699966430664,86.31705474853516,1871600,0.0,0.0,ICE,ICE
2019-09-04,94.19000244140624,94.87999725341795,93.76000213623048,94.26000213623048,86.76811981201172,1303300,0.0,0.0,ICE,ICE
2019-09-05,95.04000091552734,95.4499969482422,94.25,94.7300033569336,87.20075988769531,2331300,0.0,0.0,ICE,ICE
2019-09-06,95.0,95.5199966430664,94.68000030517578,94.88999938964844,87.34803009033203,1573100,0.0,0.0,ICE,ICE
2019-09-09,95.5500030517578,95.5500030517578,91.5999984741211,92.18000030517578,84.8534164428711,2753100,0.0,0.0,ICE,ICE
2019-09-10,91.87999725341795,91.94000244140624,89.04000091552734,90.12000274658205,82.95716094970703,2814700,0.0,0.0,ICE,ICE
2019-09-11,90.56999969482422,90.72000122070312,88.98999786376953,89.05999755859375,81.98139953613281,2431100,0.0,0.0,ICE,ICE
2019-09-12,89.25,90.63999938964844,89.25,90.3000030517578,83.12286376953125,2527800,0.0,0.0,ICE,ICE
2019-09-13,90.2699966430664,90.95999908447266,89.2699966430664,90.83000183105467,83.86613464355469,2066300,0.275,0.0,ICE,ICE
2019-09-16,91.0,94.22000122070312,90.66000366210938,91.87999725341795,84.83563995361328,3139600,0.0,0.0,ICE,ICE
2019-09-17,92.33000183105467,94.0500030517578,92.33000183105467,93.25,86.10060119628906,2455600,0.0,0.0,ICE,ICE
2019-09-18,94.4499969482422,94.62000274658205,92.20999908447266,93.33000183105467,86.1744613647461,1649900,0.0,0.0,ICE,ICE
2019-09-19,93.06999969482422,94.04000091552734,92.69000244140624,93.52999877929688,86.359130859375,1380100,0.0,0.0,ICE,ICE
2019-09-20,93.86000061035156,93.9000015258789,92.05999755859376,92.33000183105467,85.25112915039062,3194200,0.0,0.0,ICE,ICE
2019-09-23,92.36000061035156,92.81999969482422,92.16999816894533,92.5,85.40811157226562,1291200,0.0,0.0,ICE,ICE
2019-09-24,92.81999969482422,93.91999816894533,92.38999938964844,92.9000015258789,85.77743530273438,1526600,0.0,0.0,ICE,ICE
2019-09-25,93.13999938964844,93.55999755859376,92.08000183105467,93.37999725341795,86.22062683105469,1440000,0.0,0.0,ICE,ICE
2019-09-26,93.62999725341795,94.2300033569336,93.0,94.16999816894533,86.9500732421875,2138700,0.0,0.0,ICE,ICE
2019-09-27,94.5,94.91000366210938,92.05999755859376,92.4000015258789,85.31575775146484,2552700,0.0,0.0,ICE,ICE
2019-09-30,92.7300033569336,92.94000244140624,91.93000030517578,92.2699966430664,85.19573974609375,2087300,0.0,0.0,ICE,ICE
2019-10-01,92.1999969482422,92.8000030517578,91.72000122070312,92.33000183105467,85.25112915039062,2361600,0.0,0.0,ICE,ICE
2019-10-02,92.0,92.1999969482422,90.22000122070312,90.43000030517578,83.49681854248047,2064900,0.0,0.0,ICE,ICE
2019-10-03,90.3499984741211,91.36000061035156,89.94000244140625,91.3499984741211,84.34626007080078,1720800,0.0,0.0,ICE,ICE
2019-10-04,91.76000213623048,94.06999969482422,91.52999877929688,94.0,86.7930908203125,1608000,0.0,0.0,ICE,ICE
2019-10-07,93.6500015258789,94.7699966430664,93.4000015258789,94.36000061035156,87.1255111694336,2304300,0.0,0.0,ICE,ICE
2019-10-08,93.95999908447266,94.29000091552734,92.93000030517578,92.94000244140624,85.81436157226562,1421300,0.0,0.0,ICE,ICE
2019-10-09,93.66000366210938,94.37000274658205,93.38999938964844,94.12999725341795,86.91312408447266,1809200,0.0,0.0,ICE,ICE
2019-10-10,93.75,95.27999877929688,93.75,94.73999786376952,87.47637176513672,2741600,0.0,0.0,ICE,ICE
2019-10-11,95.55999755859376,95.55999755859376,93.80999755859376,93.94000244140624,86.73770904541016,2536100,0.0,0.0,ICE,ICE
2019-10-14,94.11000061035156,94.62999725341795,93.16000366210938,93.5,86.33141326904297,1467000,0.0,0.0,ICE,ICE
2019-10-15,93.9800033569336,94.16999816894533,93.16999816894533,93.3000030517578,86.14678192138672,2127500,0.0,0.0,ICE,ICE
2019-10-16,93.66000366210938,93.87000274658205,92.41999816894533,93.5999984741211,86.42377471923828,2043600,0.0,0.0,ICE,ICE
2019-10-17,93.93000030517578,94.5500030517578,93.79000091552734,94.27999877929688,87.05164337158203,1598500,0.0,0.0,ICE,ICE
2019-10-18,94.43000030517578,94.80999755859376,93.93000030517578,94.4000015258789,87.16242980957031,2177500,0.0,0.0,ICE,ICE
2019-10-21,94.54000091552734,94.56999969482422,93.1500015258789,93.33000183105467,86.1744613647461,2259400,0.0,0.0,ICE,ICE
2019-10-22,93.2699966430664,94.33999633789062,91.80999755859376,91.87000274658205,84.82638549804688,2511800,0.0,0.0,ICE,ICE
2019-10-23,91.76000213623048,93.2699966430664,91.76000213623048,92.93000030517578,85.80512237548828,1995500,0.0,0.0,ICE,ICE
2019-10-24,92.81999969482422,93.94000244140624,92.81999969482422,92.91000366210938,85.78666687011719,1657400,0.0,0.0,ICE,ICE
2019-10-25,92.83000183105467,93.41000366210938,91.93000030517578,91.95999908447266,84.9095230102539,1407500,0.0,0.0,ICE,ICE
2019-10-28,92.38999938964844,92.38999938964844,91.41999816894533,91.5999984741211,84.57709503173828,2520700,0.0,0.0,ICE,ICE
2019-10-29,91.7300033569336,92.76000213623048,91.27999877929688,91.3499984741211,84.34626007080078,2130100,0.0,0.0,ICE,ICE
2019-10-30,91.45999908447266,93.25,91.36000061035156,93.18000030517578,86.03594970703125,2372400,0.0,0.0,ICE,ICE
2019-10-31,93.8499984741211,95.13999938964844,92.75,94.31999969482422,87.08856201171875,3281200,0.0,0.0,ICE,ICE
2019-11-01,94.94000244140624,95.27999877929688,92.76000213623048,92.93000030517578,85.80512237548828,2536900,0.0,0.0,ICE,ICE
2019-11-04,93.20999908447266,93.43000030517578,90.72000122070312,91.16999816894533,84.18008422851562,2807700,0.0,0.0,ICE,ICE
2019-11-05,91.0199966430664,91.30999755859376,89.08999633789062,89.41000366210938,82.55501556396484,4368000,0.0,0.0,ICE,ICE
2019-11-06,89.80000305175781,91.20999908447266,89.4800033569336,91.11000061035156,84.12468719482422,3407700,0.0,0.0,ICE,ICE
2019-11-07,91.38999938964844,91.43000030517578,90.37000274658205,90.63999938964844,83.69068908691406,2905400,0.0,0.0,ICE,ICE
2019-11-08,90.9000015258789,91.66999816894533,90.37999725341795,90.47000122070312,83.53375244140625,2064300,0.0,0.0,ICE,ICE
2019-11-11,90.62000274658205,91.44000244140624,90.0199966430664,91.18000030517578,84.18930053710938,1718100,0.0,0.0,ICE,ICE
2019-11-12,91.25,91.77999877929688,91.20999908447266,91.4000015258789,84.3924331665039,1548000,0.0,0.0,ICE,ICE
2019-11-13,91.5199966430664,92.8000030517578,91.3499984741211,92.66999816894533,85.56507110595703,1808200,0.0,0.0,ICE,ICE
2019-11-14,92.69000244140624,93.25,92.23999786376952,93.16999816894533,86.02674102783203,1919300,0.0,0.0,ICE,ICE
2019-11-15,93.4499969482422,93.5,92.5500030517578,92.95999908447266,85.83283233642578,2833600,0.0,0.0,ICE,ICE
2019-11-18,93.31999969482422,93.5999984741211,92.5500030517578,92.81999969482422,85.70358276367188,3077900,0.0,0.0,ICE,ICE
2019-11-19,92.8499984741211,94.33000183105467,92.51000213623048,93.9800033569336,86.77462768554688,2389700,0.0,0.0,ICE,ICE
2019-11-20,94.0199966430664,95.33999633789062,93.93000030517578,94.4800033569336,87.23629760742188,1502300,0.0,0.0,ICE,ICE
2019-11-21,94.5999984741211,94.87000274658205,93.56999969482422,93.88999938964844,86.69154357910156,1978400,0.0,0.0,ICE,ICE
2019-11-22,93.87000274658205,94.56999969482422,93.41999816894533,93.75,86.56227111816406,1958400,0.0,0.0,ICE,ICE
2019-11-25,93.97000122070312,94.77999877929688,93.83000183105467,94.31999969482422,87.08856201171875,2144000,0.0,0.0,ICE,ICE
2019-11-26,94.26000213623048,94.73999786376952,93.9800033569336,94.47000122070312,87.22706604003906,4586700,0.0,0.0,ICE,ICE
2019-11-27,94.30999755859376,94.47000122070312,92.83999633789062,93.43000030517578,86.26681518554688,2423500,0.0,0.0,ICE,ICE
2019-11-29,93.13999938964844,94.51000213623048,93.13999938964844,94.16999816894533,86.9500732421875,1259200,0.0,0.0,ICE,ICE
2019-12-02,94.16000366210938,94.61000061035156,92.97000122070312,93.3000030517578,86.14678192138672,2141200,0.0,0.0,ICE,ICE
2019-12-03,92.98999786376952,93.7699966430664,92.8499984741211,93.4499969482422,86.2852554321289,2425700,0.0,0.0,ICE,ICE
2019-12-04,93.36000061035156,94.12000274658205,93.08999633789062,93.31999969482422,86.16519927978516,2260400,0.0,0.0,ICE,ICE
2019-12-05,93.2699966430664,93.83999633789062,92.87000274658205,93.6500015258789,86.46993255615234,1544000,0.0,0.0,ICE,ICE
2019-12-06,94.12999725341795,94.45999908447266,93.63999938964844,93.8000030517578,86.60844421386719,2170400,0.0,0.0,ICE,ICE
2019-12-09,93.6999969482422,93.6999969482422,92.4499969482422,92.87999725341795,85.75895690917969,3062900,0.0,0.0,ICE,ICE
2019-12-10,92.9000015258789,93.04000091552734,92.11000061035156,92.33000183105467,85.25112915039062,2317300,0.0,0.0,ICE,ICE
2019-12-11,92.66000366210938,93.23999786376952,92.1999969482422,92.30999755859376,85.232666015625,3048800,0.0,0.0,ICE,ICE
2019-12-12,92.2300033569336,92.36000061035156,90.6500015258789,90.72000122070312,83.76458740234375,6006600,0.0,0.0,ICE,ICE
2019-12-13,90.44000244140624,92.06999969482422,90.01000213623047,91.91000366210938,85.12138366699219,2861800,0.275,0.0,ICE,ICE
2019-12-16,92.43000030517578,92.52999877929688,91.80999755859376,92.2699966430664,85.45478057861328,2883300,0.0,0.0,ICE,ICE
2019-12-17,91.91999816894533,92.77999877929688,90.77999877929688,92.5999984741211,85.76039123535156,4126500,0.0,0.0,ICE,ICE
2019-12-18,92.98999786376952,92.98999786376952,91.6999969482422,91.86000061035156,85.07505798339844,3521200,0.0,0.0,ICE,ICE
2019-12-19,91.73999786376952,93.56999969482422,91.61000061035156,93.48999786376952,86.58466339111328,2233400,0.0,0.0,ICE,ICE
2019-12-20,93.83999633789062,94.12000274658205,92.72000122070312,93.02999877929688,86.15862274169922,4585600,0.0,0.0,ICE,ICE
2019-12-23,93.2300033569336,93.4499969482422,92.13999938964844,92.36000061035156,85.53813171386719,2696000,0.0,0.0,ICE,ICE
2019-12-24,92.4000015258789,92.51000213623048,91.95999908447266,92.19000244140624,85.38069152832031,731200,0.0,0.0,ICE,ICE
2019-12-26,92.45999908447266,93.0500030517578,92.20999908447266,92.87000274658205,86.01045227050781,1212700,0.0,0.0,ICE,ICE
2019-12-27,93.01000213623048,93.22000122070312,92.63999938964844,93.0,86.13086700439453,1226400,0.0,0.0,ICE,ICE
2019-12-30,93.08000183105467,93.22000122070312,92.27999877929688,92.44000244140624,85.61222839355469,2059600,0.0,0.0,ICE,ICE
2019-12-31,92.4000015258789,92.83000183105467,91.70999908447266,92.5500030517578,85.71410369873047,2358100,0.0,0.0,ICE,ICE
2020-01-02,92.83999633789062,93.06999969482422,92.18000030517578,92.66999816894533,85.82524108886719,3045300,0.0,0.0,ICE,ICE
2020-01-03,92.0999984741211,94.9800033569336,91.9499969482422,94.66999816894533,87.6775131225586,2544500,0.0,0.0,ICE,ICE
2020-01-06,94.6999969482422,95.47000122070312,94.0199966430664,94.6999969482422,87.70528411865234,2649700,0.0,0.0,ICE,ICE
2020-01-07,94.08000183105467,94.93000030517578,93.7699966430664,94.43000030517578,87.4552230834961,2343900,0.0,0.0,ICE,ICE
2020-01-08,94.66000366210938,94.9000015258789,93.4800033569336,93.5999984741211,86.6865463256836,3013700,0.0,0.0,ICE,ICE
2020-01-09,93.62000274658205,94.9800033569336,93.62000274658205,94.43000030517578,87.4552230834961,2268300,0.0,0.0,ICE,ICE
2020-01-10,94.41000366210938,94.8000030517578,94.06999969482422,94.25,87.28853607177734,1510500,0.0,0.0,ICE,ICE
2020-01-13,94.1999969482422,95.06999969482422,94.02999877929688,95.02999877929688,88.01091003417969,2627700,0.0,0.0,ICE,ICE
2020-01-14,95.0500030517578,95.12000274658205,93.51000213623048,93.7699966430664,86.84397888183594,3366100,0.0,0.0,ICE,ICE
2020-01-15,94.05999755859376,96.25,93.5999984741211,95.7699966430664,88.69625091552734,3015800,0.0,0.0,ICE,ICE
2020-01-16,96.7300033569336,96.98999786376952,95.58000183105467,96.2699966430664,89.15933227539062,2686500,0.0,0.0,ICE,ICE
2020-01-17,96.0500030517578,97.0500030517578,96.0500030517578,96.7699966430664,89.62236785888672,2468700,0.0,0.0,ICE,ICE
2020-01-21,96.69000244140624,97.4499969482422,96.5999984741211,96.76000213623048,89.61314392089844,2263600,0.0,0.0,ICE,ICE
2020-01-22,96.62999725341795,97.0999984741211,96.33999633789062,96.43000030517578,89.3075180053711,1930400,0.0,0.0,ICE,ICE
2020-01-23,96.1500015258789,97.41999816894533,96.01000213623048,97.3000030517578,90.11324310302734,2333000,0.0,0.0,ICE,ICE
2020-01-24,97.3000030517578,98.08999633789062,96.86000061035156,97.11000061035156,89.93728637695312,1880200,0.0,0.0,ICE,ICE
2020-01-27,96.30999755859376,98.38999938964844,95.63999938964844,98.18000030517578,90.92826080322266,2343600,0.0,0.0,ICE,ICE
2020-01-28,98.13999938964844,99.0999984741211,98.08999633789062,98.94000244140624,91.63211822509766,2034000,0.0,0.0,ICE,ICE
2020-01-29,99.26000213623048,99.8000030517578,98.5500030517578,98.91000366210938,91.60433959960938,1762400,0.0,0.0,ICE,ICE
2020-01-30,98.58000183105467,100.18000030517578,98.4499969482422,100.16999816894533,92.77127075195312,1463800,0.0,0.0,ICE,ICE
2020-01-31,99.86000061035156,100.43000030517578,99.38999938964844,99.73999786376952,92.3730239868164,2067900,0.0,0.0,ICE,ICE
2020-02-03,100.1500015258789,100.43000030517578,99.5199966430664,100.04000091552734,92.65087890625,1920000,0.0,0.0,ICE,ICE
2020-02-04,100.76000213623048,101.93000030517578,91.0500030517578,92.58999633789062,85.75112915039062,11043200,0.0,0.0,ICE,ICE
2020-02-05,93.61000061035156,94.0199966430664,91.33000183105467,92.87999725341795,86.01971435546875,12768000,0.0,0.0,ICE,ICE
2020-02-06,92.75,92.83000183105467,86.83000183105469,90.11000061035156,83.4543228149414,17797700,0.0,0.0,ICE,ICE
2020-02-07,93.9000015258789,95.45999908447266,92.12000274658205,92.62999725341795,85.7881851196289,12776900,0.0,0.0,ICE,ICE
2020-02-10,92.54000091552734,94.97000122070312,92.52999877929688,94.81999969482422,87.81641387939453,5715000,0.0,0.0,ICE,ICE
2020-02-11,94.9000015258789,95.1500015258789,94.66999816894533,94.76000213623048,87.76084899902344,3827800,0.0,0.0,ICE,ICE
2020-02-12,94.6999969482422,94.98999786376952,93.93000030517578,94.38999938964844,87.41818237304688,4506100,0.0,0.0,ICE,ICE
2020-02-13,94.61000061035156,94.66999816894533,93.88999938964844,94.19000244140624,87.23296356201172,5791300,0.0,0.0,ICE,ICE
2020-02-14,94.5,96.9000015258789,94.4499969482422,96.86000061035156,89.70578002929688,5111600,0.0,0.0,ICE,ICE
2020-02-18,95.8499984741211,96.5999984741211,95.01000213623048,96.1999969482422,89.09449768066406,2656200,0.0,0.0,ICE,ICE
2020-02-19,96.72000122070312,96.9499969482422,95.41000366210938,95.41999816894533,88.3720932006836,2520300,0.0,0.0,ICE,ICE
2020-02-20,95.13999938964844,95.69000244140624,94.4800033569336,95.20999908447266,88.17762756347656,1880700,0.0,0.0,ICE,ICE
2020-02-21,95.08000183105467,95.1999969482422,94.5,94.75,87.75161743164062,2047300,0.0,0.0,ICE,ICE
2020-02-24,93.5,94.73999786376952,93.05999755859376,93.8499984741211,86.91806030273438,2558900,0.0,0.0,ICE,ICE
2020-02-25,94.02999877929688,94.51000213623048,91.56999969482422,91.97000122070312,85.17694854736328,3063600,0.0,0.0,ICE,ICE
2020-02-26,92.1500015258789,94.5,91.7699966430664,93.86000061035156,86.9273452758789,3923900,0.0,0.0,ICE,ICE
2020-02-27,93.08000183105467,95.30999755859376,91.8000030517578,91.81999969482422,85.03800964355469,5272800,0.0,0.0,ICE,ICE
2020-02-28,90.66000366210938,92.63999938964844,87.41999816894531,89.22000122070312,82.63006591796875,7199900,0.0,0.0,ICE,ICE
2020-03-02,89.94000244140625,93.4000015258789,89.52999877929688,93.4000015258789,86.50131225585938,7056100,0.0,0.0,ICE,ICE
2020-03-03,93.62000274658205,96.22000122070312,92.23999786376952,94.94000244140624,87.92755889892578,6139200,0.0,0.0,ICE,ICE
2020-03-04,95.25,100.45999908447266,94.86000061035156,100.16999816894533,92.77127075195312,5223500,0.0,0.0,ICE,ICE
2020-03-05,98.20999908447266,99.30999755859376,96.7699966430664,97.91000366210938,90.6781997680664,3752300,0.0,0.0,ICE,ICE
2020-03-06,95.12999725341795,96.58000183105467,92.18000030517578,94.04000091552734,87.09404754638672,5964000,0.0,0.0,ICE,ICE
2020-03-09,88.93000030517578,91.93000030517578,87.66999816894531,88.62000274658203,82.07435607910156,5790200,0.0,0.0,ICE,ICE
2020-03-10,90.81999969482422,91.5,86.8499984741211,90.5500030517578,83.86182403564453,5243100,0.0,0.0,ICE,ICE
2020-03-11,88.23999786376953,89.30999755859375,84.95999908447266,86.19999694824219,79.8331298828125,4539900,0.0,0.0,ICE,ICE
2020-03-12,80.43000030517578,83.04000091552734,75.45999908447266,75.61000061035156,70.02530670166016,6554300,0.0,0.0,ICE,ICE
2020-03-13,79.7699966430664,83.29000091552734,76.77999877929688,83.12000274658203,76.98060607910156,7338700,0.0,0.0,ICE,ICE
2020-03-16,75.02999877929688,79.94999694824219,72.81999969482422,74.12999725341797,68.90331268310547,5791800,0.3,0.0,ICE,ICE
2020-03-17,75.80999755859375,78.87999725341797,73.70999908447266,76.79000091552734,71.37577819824219,7108100,0.0,0.0,ICE,ICE
2020-03-18,72.72000122070312,73.58000183105469,66.04000091552734,70.08000183105469,65.13887023925781,8145300,0.0,0.0,ICE,ICE
2020-03-19,70.02999877929688,74.94000244140625,64.11000061035156,73.68000030517578,68.48503875732422,5503100,0.0,0.0,ICE,ICE
2020-03-20,73.7699966430664,74.0999984741211,68.81999969482422,72.98999786376953,67.84367370605469,8462600,0.0,0.0,ICE,ICE
2020-03-23,72.23999786376953,72.41000366210938,63.5099983215332,66.8499984741211,62.13661575317383,6813600,0.0,0.0,ICE,ICE
2020-03-24,70.30000305175781,74.1500015258789,69.88999938964844,73.66000366210938,68.46644592285156,5101200,0.0,0.0,ICE,ICE
2020-03-25,73.48999786376953,77.54000091552734,72.51000213623047,74.5199966430664,69.26581573486328,4553200,0.0,0.0,ICE,ICE
2020-03-26,75.41000366210938,80.69999694824219,75.41000366210938,79.81999969482422,74.192138671875,4670400,0.0,0.0,ICE,ICE
2020-03-27,77.66000366210938,84.3499984741211,77.31999969482422,81.25,75.52129364013672,4639700,0.0,0.0,ICE,ICE
2020-03-30,82.06999969482422,84.5,81.26000213623047,83.80999755859375,77.90081024169922,4768800,0.0,0.0,ICE,ICE
2020-03-31,82.55000305175781,82.95999908447266,80.29000091552734,80.75,75.05657196044922,3815600,0.0,0.0,ICE,ICE
2020-04-01,77.37999725341797,80.12000274658203,77.37999725341797,79.30999755859375,73.71809387207031,3229100,0.0,0.0,ICE,ICE
2020-04-02,79.0,81.38999938964844,77.16999816894531,81.13999938964844,75.41905975341797,2963200,0.0,0.0,ICE,ICE
2020-04-03,80.8499984741211,82.94999694824219,80.70999908447266,80.98999786376953,75.27962493896484,4932300,0.0,0.0,ICE,ICE
2020-04-06,83.54000091552734,85.66000366210938,82.44999694824219,84.43000030517578,78.4770736694336,4128100,0.0,0.0,ICE,ICE
2020-04-07,87.16999816894531,87.16999816894531,82.11000061035156,82.30000305175781,76.49726104736328,4680500,0.0,0.0,ICE,ICE
2020-04-08,83.19000244140625,85.95999908447266,82.30000305175781,85.33999633789062,79.32294464111328,3512100,0.0,0.0,ICE,ICE
2020-04-09,86.19999694824219,87.87000274658203,85.86000061035156,87.37999725341797,81.21910858154297,4285600,0.0,0.0,ICE,ICE
2020-04-13,86.69000244140625,86.69000244140625,84.66999816894531,85.18000030517578,79.17422485351562,2499300,0.0,0.0,ICE,ICE
2020-04-14,86.70999908447266,87.5,86.16000366210938,87.0,80.86587524414062,3350600,0.0,0.0,ICE,ICE
2020-04-15,86.0199966430664,86.73999786376953,85.4000015258789,86.25,80.16876983642578,3483100,0.0,0.0,ICE,ICE
2020-04-16,86.6500015258789,88.44000244140625,86.0,88.0999984741211,81.88833618164062,2675800,0.0,0.0,ICE,ICE
2020-04-17,89.70999908447266,90.5500030517578,87.87000274658203,90.4000015258789,84.02616882324219,3854600,0.0,0.0,ICE,ICE
2020-04-20,90.83000183105467,91.7300033569336,88.18000030517578,89.4000015258789,83.09666442871094,4323000,0.0,0.0,ICE,ICE
2020-04-21,87.83999633789062,88.98999786376953,86.73999786376953,87.52999877929688,81.3585205078125,3154600,0.0,0.0,ICE,ICE
2020-04-22,88.73999786376953,90.05000305175781,87.04000091552734,89.19000244140625,82.90147399902344,2237300,0.0,0.0,ICE,ICE
2020-04-23,89.06999969482422,90.30999755859376,88.1500015258789,88.5,82.26013946533203,2204600,0.0,0.0,ICE,ICE
2020-04-24,89.20999908447266,89.33000183105469,87.80999755859375,88.91999816894531,82.65052032470703,1804400,0.0,0.0,ICE,ICE
2020-04-27,90.01000213623047,92.58000183105467,89.80000305175781,92.3499984741211,85.83867645263672,2273800,0.0,0.0,ICE,ICE
2020-04-28,93.51000213623048,94.1999969482422,90.16000366210938,90.29000091552734,83.92393493652344,2333000,0.0,0.0,ICE,ICE
2020-04-29,91.6999969482422,92.26000213623048,90.55999755859376,90.6999969482422,84.30501556396484,2054500,0.0,0.0,ICE,ICE
2020-04-30,90.04000091552734,91.8499984741211,89.02999877929688,89.44999694824219,83.14314270019531,3764200,0.0,0.0,ICE,ICE
2020-05-01,88.55000305175781,90.63999938964844,88.12000274658203,88.66999816894531,82.41813659667969,3026200,0.0,0.0,ICE,ICE
2020-05-04,88.1500015258789,90.5,87.51000213623047,89.66999816894531,83.34762573242188,3015400,0.0,0.0,ICE,ICE
2020-05-05,89.8499984741211,93.77999877929688,89.68000030517578,92.97000122070312,86.41497039794922,2676900,0.0,0.0,ICE,ICE
2020-05-06,93.33999633789062,93.44000244140624,91.6500015258789,91.73999786376952,85.27168273925781,2318900,0.0,0.0,ICE,ICE
2020-05-07,92.98999786376952,94.68000030517578,92.61000061035156,93.08999633789062,86.52650451660156,2064500,0.0,0.0,ICE,ICE
2020-05-08,94.66000366210938,94.6999969482422,92.7699966430664,93.5199966430664,86.9261703491211,2126700,0.0,0.0,ICE,ICE
2020-05-11,93.22000122070312,94.31999969482422,92.6999969482422,94.0999984741211,87.46530151367188,3081300,0.0,0.0,ICE,ICE
2020-05-12,94.66000366210938,94.6999969482422,92.51000213623048,92.5500030517578,86.02458953857422,2624500,0.0,0.0,ICE,ICE
2020-05-13,92.16999816894533,93.98999786376952,91.41000366210938,93.3000030517578,86.72171020507812,3332700,0.0,0.0,ICE,ICE
2020-05-14,91.7699966430664,93.2699966430664,91.01000213623048,93.25,86.67522430419922,2450400,0.0,0.0,ICE,ICE
2020-05-15,92.91999816894533,94.08999633789062,92.68000030517578,93.47000122070312,86.87972259521484,2595800,0.0,0.0,ICE,ICE
2020-05-18,95.26000213623048,96.73999786376952,94.38999938964844,96.0,89.23133087158203,2872200,0.0,0.0,ICE,ICE
2020-05-19,95.51000213623048,96.13999938964844,92.69000244140624,92.95999908447266,86.40568542480469,2656300,0.0,0.0,ICE,ICE
2020-05-20,94.05999755859376,94.36000061035156,93.08999633789062,93.4499969482422,86.86112213134766,3702000,0.0,0.0,ICE,ICE
2020-05-21,93.1999969482422,93.72000122070312,92.04000091552734,92.86000061035156,86.31270599365234,2397500,0.0,0.0,ICE,ICE
2020-05-22,93.16000366210938,93.83999633789062,92.41999816894533,93.7699966430664,87.15856170654297,1747500,0.0,0.0,ICE,ICE
2020-05-26,95.33999633789062,95.69000244140624,94.0199966430664,94.2300033569336,87.58611297607422,2689600,0.0,0.0,ICE,ICE
2020-05-27,94.87000274658205,94.98999786376952,91.88999938964844,92.83000183105467,86.28483581542969,3450100,0.0,0.0,ICE,ICE
2020-05-28,93.87000274658205,95.62999725341795,93.11000061035156,94.87000274658205,88.1810073852539,2682000,0.0,0.0,ICE,ICE
2020-05-29,94.91999816894533,97.37000274658205,94.54000091552734,97.25,90.39318084716795,3405600,0.0,0.0,ICE,ICE
2020-06-01,97.4000015258789,98.4800033569336,96.93000030517578,97.62000274658205,90.7371063232422,2137300,0.0,0.0,ICE,ICE
2020-06-02,98.04000091552734,98.12000274658205,95.93000030517578,96.3499984741211,89.55664825439453,3342800,0.0,0.0,ICE,ICE
2020-06-03,96.62999725341795,98.16000366210938,95.9499969482422,97.87999725341795,90.97876739501952,2781800,0.0,0.0,ICE,ICE
2020-06-04,97.20999908447266,97.47000122070312,95.0,95.79000091552734,89.0361557006836,3720900,0.0,0.0,ICE,ICE
2020-06-05,96.0,98.38999938964844,93.4800033569336,97.80999755859376,90.91370391845705,3964700,0.0,0.0,ICE,ICE
2020-06-08,97.25,97.7300033569336,96.41999816894533,97.4800033569336,90.60698699951172,5449400,0.0,0.0,ICE,ICE
2020-06-09,97.05999755859376,98.16999816894533,96.68000030517578,97.44000244140624,90.5698013305664,2202200,0.0,0.0,ICE,ICE
2020-06-10,97.4800033569336,97.91000366210938,96.56999969482422,97.30999755859376,90.44895935058594,2466900,0.0,0.0,ICE,ICE
2020-06-11,96.98999786376952,97.0,91.77999877929688,92.04000091552734,85.55054473876953,3560700,0.0,0.0,ICE,ICE
2020-06-12,93.58999633789062,94.45999908447266,91.55999755859376,93.26000213623048,86.68450164794922,2808800,0.0,0.0,ICE,ICE
2020-06-15,91.33999633789062,94.04000091552734,90.76000213623048,93.7699966430664,87.43982696533203,2437000,0.3,0.0,ICE,ICE
2020-06-16,95.75,95.75,93.4000015258789,94.66000366210938,88.26976776123047,2266200,0.0,0.0,ICE,ICE
2020-06-17,95.16999816894533,95.22000122070312,94.36000061035156,94.62000274658205,88.23245239257812,3188400,0.0,0.0,ICE,ICE
2020-06-18,94.43000030517578,94.63999938964844,93.66000366210938,94.38999938964844,88.01797485351562,1944200,0.0,0.0,ICE,ICE
2020-06-19,95.7300033569336,95.76000213623048,93.48999786376952,94.5199966430664,88.13920593261719,4015800,0.0,0.0,ICE,ICE
2020-06-22,94.16999816894533,94.9499969482422,93.73999786376952,94.30999755859376,87.9433822631836,1570600,0.0,0.0,ICE,ICE
2020-06-23,95.02999877929688,95.25,93.4499969482422,93.5,87.18806457519531,2055000,0.0,0.0,ICE,ICE
2020-06-24,92.91999816894533,93.26000213623048,90.4499969482422,90.70999908447266,84.5864028930664,3967700,0.0,0.0,ICE,ICE
2020-06-25,90.86000061035156,92.95999908447266,90.01000213623047,92.83000183105467,86.56327056884766,2718900,0.0,0.0,ICE,ICE
2020-06-26,92.13999938964844,92.79000091552734,90.33000183105467,90.4000015258789,84.29733276367188,3368700,0.0,0.0,ICE,ICE
2020-06-29,91.29000091552734,91.29000091552734,90.0999984741211,90.4000015258789,84.29733276367188,2186600,0.0,0.0,ICE,ICE
2020-06-30,90.30999755859376,91.86000061035156,90.30999755859376,91.5999984741211,85.41633605957031,5300800,0.0,0.0,ICE,ICE
2020-07-01,91.68000030517578,93.9000015258789,91.56999969482422,93.3000030517578,87.00157165527344,2304000,0.0,0.0,ICE,ICE
2020-07-02,94.5500030517578,94.5999984741211,92.19000244140624,92.26000213623048,86.03177642822266,2084900,0.0,0.0,ICE,ICE
2020-07-06,93.5,93.54000091552734,92.1500015258789,92.52999877929688,86.28353881835938,1921600,0.0,0.0,ICE,ICE
2020-07-07,92.0,93.11000061035156,91.98999786376952,92.56999969482422,86.32084655761719,2085700,0.0,0.0,ICE,ICE
2020-07-08,92.68000030517578,93.87000274658205,92.5500030517578,93.83999633789062,87.50511169433594,2530000,0.0,0.0,ICE,ICE
2020-07-09,94.12999725341795,94.12999725341795,91.5,92.13999938964844,85.91988372802734,1888600,0.0,0.0,ICE,ICE
2020-07-10,92.23999786376952,92.6999969482422,91.5500030517578,92.5500030517578,86.30220794677734,1784100,0.0,0.0,ICE,ICE
2020-07-13,92.7300033569336,94.31999969482422,91.72000122070312,91.83000183105467,85.63082122802734,2435800,0.0,0.0,ICE,ICE
2020-07-14,91.83999633789062,92.33999633789062,90.83999633789062,91.72000122070312,85.5282211303711,2387100,0.0,0.0,ICE,ICE
2020-07-15,92.76000213623048,93.81999969482422,91.51000213623048,93.23999786376952,86.94559478759766,3542200,0.0,0.0,ICE,ICE
2020-07-16,92.88999938964844,93.61000061035156,92.05999755859376,92.37000274658205,86.13435363769531,2401400,0.0,0.0,ICE,ICE
2020-07-17,92.83000183105467,94.04000091552734,92.5500030517578,93.83000183105467,87.49577331542969,2094900,0.0,0.0,ICE,ICE
2020-07-20,93.38999938964844,94.62999725341795,93.22000122070312,94.25,87.88744354248047,1900400,0.0,0.0,ICE,ICE
2020-07-21,94.29000091552734,95.45999908447266,94.26000213623048,95.11000061035156,88.68937683105469,2420300,0.0,0.0,ICE,ICE
2020-07-22,94.66000366210938,96.20999908447266,94.38999938964844,96.05999755859376,89.57524108886719,2908100,0.0,0.0,ICE,ICE
2020-07-23,96.29000091552734,97.04000091552734,95.5199966430664,95.8499984741211,89.37942504882812,3245200,0.0,0.0,ICE,ICE
2020-07-24,95.8499984741211,96.54000091552734,95.5,96.31999969482422,89.81771087646484,3222000,0.0,0.0,ICE,ICE
2020-07-27,95.91999816894533,96.52999877929688,94.54000091552734,94.54000091552734,88.1578598022461,3023700,0.0,0.0,ICE,ICE
2020-07-28,94.58000183105467,94.68000030517578,92.81999969482422,92.91999816894533,86.64720916748047,3218700,0.0,0.0,ICE,ICE
2020-07-29,92.8499984741211,94.7699966430664,92.80999755859376,94.3000030517578,87.93403625488281,2489500,0.0,0.0,ICE,ICE
2020-07-30,93.62999725341795,95.37999725341795,93.3499984741211,94.37000274658205,87.99933624267578,3402900,0.0,0.0,ICE,ICE
2020-07-31,94.72000122070312,96.83000183105467,93.91000366210938,96.77999877929688,90.24665069580078,3423700,0.0,0.0,ICE,ICE
2020-08-03,97.12000274658205,97.9000015258789,95.94000244140624,96.27999877929688,89.78038787841797,2873300,0.0,0.0,ICE,ICE
2020-08-04,95.70999908447266,96.0199966430664,95.04000091552734,95.77999877929688,89.31413269042969,1834600,0.0,0.0,ICE,ICE
2020-08-05,96.1500015258789,96.56999969482422,95.68000030517578,96.16000366210938,89.66851043701172,2217900,0.0,0.0,ICE,ICE
2020-08-06,95.9000015258789,97.73999786376952,95.77999877929688,97.45999908447266,90.88070678710938,3174300,0.0,0.0,ICE,ICE
2020-08-07,96.91999816894533,101.11000061035156,95.27999877929688,100.95999908447266,94.14446258544922,5646100,0.0,0.0,ICE,ICE
2020-08-10,100.95999908447266,101.11000061035156,98.5,99.16000366210938,92.46597290039062,3587500,0.0,0.0,ICE,ICE
2020-08-11,99.87000274658205,99.87000274658205,98.37000274658205,98.61000061035156,91.9531021118164,3825200,0.0,0.0,ICE,ICE
2020-08-12,99.33000183105467,100.0999984741211,99.0999984741211,99.43000030517578,92.71773529052734,2859800,0.0,0.0,ICE,ICE
2020-08-13,99.18000030517578,100.73999786376952,98.87999725341795,100.1999969482422,93.43576049804688,5028700,0.0,0.0,ICE,ICE
2020-08-14,100.11000061035156,102.95999908447266,100.08999633789062,102.48999786376952,95.57115936279295,4239600,0.0,0.0,ICE,ICE
2020-08-17,102.5,104.3000030517578,102.0999984741211,104.0500030517578,97.02586364746094,4852100,0.0,0.0,ICE,ICE
2020-08-18,103.31999969482422,104.5999984741211,102.91000366210938,104.37999725341795,97.33357238769533,3333700,0.0,0.0,ICE,ICE
2020-08-19,104.62000274658205,104.83000183105467,103.26000213623048,103.52999877929688,96.5409698486328,2726700,0.0,0.0,ICE,ICE
2020-08-20,103.0,104.18000030517578,102.95999908447266,103.75,96.74610900878906,3332400,0.0,0.0,ICE,ICE
2020-08-21,103.79000091552734,104.44000244140624,103.33000183105467,104.1999969482422,97.1657257080078,2333500,0.0,0.0,ICE,ICE
2020-08-24,104.70999908447266,105.98999786376952,103.98999786376952,105.80999755859376,98.6670379638672,3492300,0.0,0.0,ICE,ICE
2020-08-25,105.88999938964844,105.88999938964844,104.01000213623048,104.44000244140624,97.38953399658205,3434800,0.0,0.0,ICE,ICE
2020-08-26,104.5,105.41999816894533,103.5999984741211,105.0,97.9117431640625,1944400,0.0,0.0,ICE,ICE
2020-08-27,105.16999816894533,105.47000122070312,104.43000030517578,105.01000213623048,97.92107391357422,2968300,0.0,0.0,ICE,ICE
2020-08-28,105.7300033569336,105.8499984741211,104.83999633789062,105.55999755859376,98.43392181396484,2053100,0.0,0.0,ICE,ICE
2020-08-31,105.75,106.62999725341795,105.45999908447266,106.2300033569336,99.05870056152344,2321500,0.0,0.0,ICE,ICE
2020-09-01,105.9000015258789,106.5500030517578,105.76000213623048,106.5199966430664,99.3291244506836,2670700,0.0,0.0,ICE,ICE
2020-09-02,106.01000213623048,106.98999786376952,105.66999816894533,106.33000183105467,99.15194702148438,3027800,0.0,0.0,ICE,ICE
2020-09-03,106.76000213623048,106.87000274658205,102.6500015258789,103.22000122070312,96.25189971923828,4110300,0.0,0.0,ICE,ICE
2020-09-04,103.33000183105467,103.72000122070312,98.63999938964844,100.08000183105467,93.32386016845705,4906700,0.0,0.0,ICE,ICE
2020-09-08,99.33000183105467,99.6500015258789,98.37000274658205,98.81999969482422,92.14891815185548,3258100,0.0,0.0,ICE,ICE
2020-09-09,99.77999877929688,102.08999633789062,99.31999969482422,101.20999908447266,94.3775863647461,2718400,0.0,0.0,ICE,ICE
2020-09-10,99.83999633789062,100.37999725341795,98.19000244140624,98.25,91.61742401123048,5602700,0.0,0.0,ICE,ICE
2020-09-11,98.69000244140624,99.26000213623048,97.51000213623048,98.2300033569336,91.5987548828125,3219900,0.0,0.0,ICE,ICE
2020-09-14,99.37000274658205,100.86000061035156,98.9000015258789,100.45999908447266,93.67821502685548,2994400,0.0,0.0,ICE,ICE
2020-09-15,100.58999633789062,101.3499984741211,100.33000183105467,100.52999877929688,94.0242691040039,3270600,0.3,0.0,ICE,ICE
2020-09-16,101.0,102.47000122070312,100.73999786376952,100.91000366210938,94.3796844482422,2258100,0.0,0.0,ICE,ICE
2020-09-17,99.86000061035156,100.4000015258789,99.23999786376952,99.95999908447266,93.49113464355467,2520700,0.0,0.0,ICE,ICE
2020-09-18,100.0,100.5999984741211,98.76000213623048,99.20999908447266,92.7896728515625,4798600,0.0,0.0,ICE,ICE
2020-09-21,97.7699966430664,99.33999633789062,97.63999938964844,99.2699966430664,92.84579467773438,2923300,0.0,0.0,ICE,ICE
2020-09-22,99.37000274658205,100.0,97.62000274658205,98.8000030517578,92.40621185302734,2522500,0.0,0.0,ICE,ICE
2020-09-23,98.9499969482422,99.72000122070312,96.79000091552734,97.0,90.72272491455078,2456300,0.0,0.0,ICE,ICE
2020-09-24,97.20999908447266,98.6999969482422,96.66999816894533,98.33000183105467,91.96663665771484,2531000,0.0,0.0,ICE,ICE
2020-09-25,97.47000122070312,100.62000274658205,97.44000244140624,100.55999755859376,94.05233764648438,2512400,0.0,0.0,ICE,ICE
2020-09-28,101.27999877929688,102.30999755859376,101.11000061035156,101.2300033569336,94.67899322509766,1855900,0.0,0.0,ICE,ICE
2020-09-29,101.41000366210938,101.77999877929688,96.9000015258789,99.16999816894533,92.75228881835938,4536100,0.0,0.0,ICE,ICE
2020-09-30,99.54000091552734,101.1500015258789,99.16999816894533,100.0500030517578,93.5753402709961,2344600,0.0,0.0,ICE,ICE
2020-10-01,101.08999633789062,102.11000061035156,100.52999877929688,101.43000030517578,94.86603546142578,2239200,0.0,0.0,ICE,ICE
2020-10-02,100.2300033569336,101.8499984741211,100.19000244140624,101.33999633789062,94.78185272216795,1925400,0.0,0.0,ICE,ICE
2020-10-05,101.77999877929688,102.06999969482422,100.7699966430664,101.80999755859376,95.22144317626952,1635700,0.0,0.0,ICE,ICE
2020-10-06,102.48999786376952,102.48999786376952,100.5999984741211,101.01000213623048,94.47320556640624,2470300,0.0,0.0,ICE,ICE
2020-10-07,101.4800033569336,102.16000366210938,100.29000091552734,100.8499984741211,94.32356262207033,2383200,0.0,0.0,ICE,ICE
2020-10-08,101.29000091552734,102.2699966430664,100.94000244140624,101.44000244140624,94.87539672851562,2251500,0.0,0.0,ICE,ICE
2020-10-09,101.97000122070312,102.29000091552734,101.16000366210938,101.38999938964844,94.82862091064452,1910900,0.0,0.0,ICE,ICE
2020-10-12,101.68000030517578,103.11000061035156,101.5500030517578,102.95999908447266,96.29701232910156,3357400,0.0,0.0,ICE,ICE
2020-10-13,103.0,103.87999725341795,101.9800033569336,102.6500015258789,96.00706481933594,3454100,0.0,0.0,ICE,ICE
2020-10-14,102.87000274658205,103.4499969482422,101.5999984741211,102.30999755859376,95.6890640258789,2602900,0.0,0.0,ICE,ICE
2020-10-15,101.2300033569336,102.25,100.9000015258789,102.06999969482422,95.46460723876952,2144700,0.0,0.0,ICE,ICE
2020-10-16,102.47000122070312,102.62999725341795,101.16999816894533,101.3000030517578,94.74442291259766,2410600,0.0,0.0,ICE,ICE
2020-10-19,101.6500015258789,101.66999816894533,98.31999969482422,98.4499969482422,92.0788803100586,2806000,0.0,0.0,ICE,ICE
2020-10-20,98.94000244140624,100.97000122070312,98.83999633789062,99.9499969482422,93.48180389404295,2026500,0.0,0.0,ICE,ICE
2020-10-21,99.81999969482422,100.76000213623048,99.06999969482422,99.47000122070312,93.03286743164062,1847900,0.0,0.0,ICE,ICE
2020-10-22,99.5999984741211,100.20999908447266,99.12000274658205,99.36000061035156,92.92998504638672,1973800,0.0,0.0,ICE,ICE
2020-10-23,100.0,100.08000183105467,98.75,98.9499969482422,92.54651641845705,2039900,0.0,0.0,ICE,ICE
2020-10-26,98.0500030517578,98.25,97.18000030517578,97.76000213623048,91.43351745605467,2552100,0.0,0.0,ICE,ICE
2020-10-27,97.95999908447266,98.63999938964844,97.4800033569336,97.55999755859376,91.24645233154295,1922700,0.0,0.0,ICE,ICE
2020-10-28,95.8499984741211,96.11000061035156,93.63999938964844,93.7699966430664,87.70172882080078,3170400,0.0,0.0,ICE,ICE
2020-10-29,93.36000061035156,96.33000183105467,92.41000366210938,95.6999969482422,89.50682830810547,3823000,0.0,0.0,ICE,ICE
2020-10-30,94.9499969482422,95.87000274658205,93.36000061035156,94.4000015258789,88.29096984863281,3520600,0.0,0.0,ICE,ICE
2020-11-02,95.87000274658205,97.33999633789062,93.97000122070312,94.66000366210938,88.5341567993164,3016600,0.0,0.0,ICE,ICE
2020-11-03,95.95999908447266,97.86000061035156,95.3000030517578,96.05999755859376,89.84353637695312,2251200,0.0,0.0,ICE,ICE
2020-11-04,97.52999877929688,100.62999725341795,96.56999969482422,98.36000061035156,91.99470520019533,2989700,0.0,0.0,ICE,ICE
2020-11-05,101.91000366210938,102.33000183105467,100.44000244140624,100.95999908447266,94.42644500732422,6270000,0.0,0.0,ICE,ICE
2020-11-06,101.19000244140624,101.48999786376952,98.56999969482422,100.66000366210938,94.14584350585938,2542300,0.0,0.0,ICE,ICE
2020-11-09,105.04000091552734,105.04000091552734,97.9000015258789,98.22000122070312,91.86373901367188,5231500,0.0,0.0,ICE,ICE
2020-11-10,98.0199966430664,98.30999755859376,96.13999938964844,98.0,91.6579818725586,3570100,0.0,0.0,ICE,ICE
2020-11-11,99.08000183105467,100.86000061035156,99.06999969482422,99.9800033569336,93.5098648071289,2352600,0.0,0.0,ICE,ICE
2020-11-12,99.77999877929688,99.77999877929688,97.58000183105467,98.30999755859376,91.94793701171876,2104200,0.0,0.0,ICE,ICE
2020-11-13,98.72000122070312,99.68000030517578,98.4000015258789,99.3499984741211,92.9206085205078,1446000,0.0,0.0,ICE,ICE
2020-11-16,100.13999938964844,100.36000061035156,98.9000015258789,99.70999908447266,93.25731658935548,1996700,0.0,0.0,ICE,ICE
2020-11-17,99.29000091552734,100.47000122070312,98.75,100.02999877929688,93.55662536621094,2056500,0.0,0.0,ICE,ICE
2020-11-18,99.87999725341795,100.68000030517578,99.22000122070312,99.45999908447266,93.0235366821289,1954300,0.0,0.0,ICE,ICE
2020-11-19,101.0,101.76000213623048,99.5199966430664,100.9000015258789,94.37034606933594,2278900,0.0,0.0,ICE,ICE
2020-11-20,100.88999938964844,101.79000091552734,100.88999938964844,101.05999755859376,94.51998138427734,3639400,0.0,0.0,ICE,ICE
2020-11-23,101.5,103.1500015258789,101.2699966430664,102.36000061035156,95.73584747314452,2131300,0.0,0.0,ICE,ICE
2020-11-24,102.61000061035156,103.95999908447266,102.0999984741211,103.06999969482422,96.39987182617188,2470400,0.0,0.0,ICE,ICE
2020-11-25,103.4499969482422,104.12999725341795,102.5,103.93000030517578,97.20423126220705,1930100,0.0,0.0,ICE,ICE
2020-11-27,104.12999725341795,105.02999877929688,103.9499969482422,104.98999786376952,98.19562530517578,1593300,0.0,0.0,ICE,ICE
2020-11-30,104.97000122070312,105.6500015258789,104.5500030517578,105.51000213623048,98.68197631835938,4146500,0.0,0.0,ICE,ICE
2020-12-01,106.20999908447266,107.37000274658205,105.63999938964844,107.16000366210938,100.22521209716795,4498900,0.0,0.0,ICE,ICE
2020-12-02,106.83999633789062,107.20999908447266,105.6500015258789,106.55999755859376,99.66404724121094,2627300,0.0,0.0,ICE,ICE
2020-12-03,106.38999938964844,108.04000091552734,105.76000213623048,107.45999908447266,100.50577545166016,4226400,0.0,0.0,ICE,ICE
2020-12-04,108.02999877929688,109.8499984741211,108.02999877929688,109.2300033569336,102.16126251220705,2376200,0.0,0.0,ICE,ICE
2020-12-07,109.18000030517578,110.61000061035156,109.04000091552734,110.27999877929688,103.1432876586914,2293600,0.0,0.0,ICE,ICE
2020-12-08,110.01000213623048,110.4000015258789,109.1999969482422,110.05999755859376,102.9375457763672,2451100,0.0,0.0,ICE,ICE
2020-12-09,109.83999633789062,110.70999908447266,109.0500030517578,110.16999816894533,103.0404052734375,2217300,0.0,0.0,ICE,ICE
2020-12-10,109.77999877929688,110.37999725341795,108.81999969482422,109.23999786376952,102.17060089111328,2193800,0.0,0.0,ICE,ICE
2020-12-11,108.80999755859376,109.72000122070312,108.12000274658205,108.81999969482422,101.77777862548828,1985300,0.0,0.0,ICE,ICE
2020-12-14,109.44000244140624,110.19000244140624,107.66000366210938,107.70999908447266,100.73960876464844,1984500,0.0,0.0,ICE,ICE
2020-12-15,108.43000030517578,111.0500030517578,108.0500030517578,110.9800033569336,104.08792114257812,3565700,0.3,0.0,ICE,ICE
2020-12-16,111.27999877929688,112.27999877929688,110.6999969482422,111.30999755859376,104.39743041992188,2559400,0.0,0.0,ICE,ICE
2020-12-17,111.98999786376952,113.01000213623048,111.55999755859376,112.79000091552734,105.78551483154295,2640400,0.0,0.0,ICE,ICE
2020-12-18,112.6500015258789,113.33999633789062,111.8499984741211,112.83000183105467,105.82301330566406,4366200,0.0,0.0,ICE,ICE
2020-12-21,112.0999984741211,112.91000366210938,110.52999877929688,112.54000091552734,105.55103302001952,2256500,0.0,0.0,ICE,ICE
2020-12-22,112.5500030517578,113.30999755859376,112.0999984741211,113.16000366210938,106.13251495361328,1924500,0.0,0.0,ICE,ICE
2020-12-23,113.5999984741211,114.29000091552734,112.11000061035156,112.18000030517578,105.21337890625,1185900,0.0,0.0,ICE,ICE
2020-12-24,111.95999908447266,112.9499969482422,111.80999755859376,112.69000244140624,105.69171905517578,511200,0.0,0.0,ICE,ICE
2020-12-28,113.55999755859376,113.70999908447266,112.62999725341795,113.58999633789062,106.53582000732422,1303500,0.0,0.0,ICE,ICE
2020-12-29,114.12999725341795,114.12999725341795,112.83999633789062,112.9000015258789,105.88868713378906,1427600,0.0,0.0,ICE,ICE
2020-12-30,113.43000030517578,113.62000274658205,112.87000274658205,113.1500015258789,106.1231689453125,1080300,0.0,0.0,ICE,ICE
2020-12-31,113.23999786376952,115.4000015258789,113.01000213623048,115.29000091552734,108.1302490234375,1474300,0.0,0.0,ICE,ICE
2021-01-04,115.9000015258789,116.25,112.37000274658205,113.3000030517578,106.26383972167967,2726500,0.0,0.0,ICE,ICE
2021-01-05,113.0,113.80999755859376,112.9499969482422,113.54000091552734,106.48892974853516,2286200,0.0,0.0,ICE,ICE
2021-01-06,113.8000030517578,116.56999969482422,112.76000213623048,115.73999786376952,108.55232238769533,2581600,0.0,0.0,ICE,ICE
2021-01-07,115.3499984741211,116.3000030517578,114.88999938964844,115.80999755859376,108.61795806884766,2357800,0.0,0.0,ICE,ICE
2021-01-08,116.48999786376952,118.08000183105467,116.08999633789062,117.62999725341795,110.32493591308594,2405600,0.0,0.0,ICE,ICE
2021-01-11,117.18000030517578,118.80999755859376,116.86000061035156,117.6500015258789,110.34369659423828,1857300,0.0,0.0,ICE,ICE
2021-01-12,118.45999908447266,119.0199966430664,117.2300033569336,117.86000061035156,110.54064178466795,2775200,0.0,0.0,ICE,ICE
2021-01-13,117.66999816894533,118.47000122070312,117.61000061035156,117.83999633789062,110.52189636230467,2394500,0.0,0.0,ICE,ICE
2021-01-14,117.41000366210938,117.62000274658205,114.9000015258789,115.62000274658205,108.43976593017578,2626300,0.0,0.0,ICE,ICE
2021-01-15,115.01000213623048,115.62000274658205,114.5999984741211,115.19000244140624,108.03646087646484,2586600,0.0,0.0,ICE,ICE
2021-01-19,115.44000244140624,115.83999633789062,114.20999908447266,114.87999725341795,107.74571990966795,2980300,0.0,0.0,ICE,ICE
2021-01-20,115.45999908447266,115.45999908447266,113.5199966430664,114.69000244140624,107.56751251220705,2260300,0.0,0.0,ICE,ICE
2021-01-21,114.54000091552734,114.75,112.83000183105467,112.91999816894533,105.90743255615234,1505100,0.0,0.0,ICE,ICE
2021-01-22,112.52999877929688,112.94000244140624,111.58000183105467,111.91999816894533,104.9695281982422,1926200,0.0,0.0,ICE,ICE
2021-01-25,111.93000030517578,113.08999633789062,111.75,112.45999908447266,105.47599792480467,2811200,0.0,0.0,ICE,ICE
2021-01-26,112.7300033569336,113.18000030517578,111.8499984741211,112.6500015258789,105.65420532226562,1564900,0.0,0.0,ICE,ICE
2021-01-27,111.9000015258789,112.4000015258789,108.9499969482422,109.3499984741211,102.5591278076172,2410500,0.0,0.0,ICE,ICE
2021-01-28,109.79000091552734,114.5999984741211,109.0999984741211,112.61000061035156,105.61669158935548,2859700,0.0,0.0,ICE,ICE
2021-01-29,111.56999969482422,111.87000274658205,109.22000122070312,110.3499984741211,103.49703216552734,2791300,0.0,0.0,ICE,ICE
2021-02-01,111.54000091552734,113.86000061035156,111.12000274658205,113.41000366210938,106.36702728271484,2557900,0.0,0.0,ICE,ICE
2021-02-02,114.08000183105467,117.5999984741211,113.97000122070312,116.77999877929688,109.52771759033205,2429000,0.0,0.0,ICE,ICE
2021-02-03,116.63999938964844,117.25,115.3000030517578,115.3000030517578,108.13963317871094,2079800,0.0,0.0,ICE,ICE
2021-02-04,116.93000030517578,117.0500030517578,114.08999633789062,114.5500030517578,107.43621063232422,2856800,0.0,0.0,ICE,ICE
2021-02-05,115.0,115.1500015258789,111.73999786376952,114.19000244140624,107.09856414794922,3430200,0.0,0.0,ICE,ICE
2021-02-08,114.4800033569336,114.58000183105467,113.1500015258789,113.45999908447266,106.41390991210938,2511300,0.0,0.0,ICE,ICE
2021-02-09,113.41999816894533,113.95999908447266,113.0999984741211,113.26000213623048,106.226318359375,2091600,0.0,0.0,ICE,ICE
2021-02-10,113.61000061035156,114.05999755859376,110.5500030517578,111.66000366210938,104.7256851196289,2580500,0.0,0.0,ICE,ICE
2021-02-11,112.2699966430664,112.2699966430664,110.11000061035156,111.3000030517578,104.3880386352539,2274800,0.0,0.0,ICE,ICE
2021-02-12,111.08999633789062,111.48999786376952,110.30999755859376,111.06999969482422,104.17232513427734,1681500,0.0,0.0,ICE,ICE
2021-02-16,112.05999755859376,112.56999969482422,110.66999816894533,112.41999816894533,105.43849182128906,2708600,0.0,0.0,ICE,ICE
2021-02-17,112.06999969482422,112.9499969482422,111.1999969482422,112.77999877929688,105.77613067626952,2730200,0.0,0.0,ICE,ICE
2021-02-18,112.63999938964844,114.1999969482422,112.29000091552734,113.86000061035156,106.78905487060548,1938200,0.0,0.0,ICE,ICE
2021-02-19,114.16000366210938,114.48999786376952,113.02999877929688,113.3499984741211,106.31072235107422,3279700,0.0,0.0,ICE,ICE
2021-02-22,112.45999908447266,112.7699966430664,110.6500015258789,111.72000122070312,104.78196716308594,2294600,0.0,0.0,ICE,ICE
2021-02-23,111.3000030517578,111.55999755859376,109.0999984741211,111.41999816894533,104.50057983398438,3627300,0.0,0.0,ICE,ICE
2021-02-24,111.38999938964844,111.93000030517578,110.08999633789062,111.45999908447266,104.5381088256836,2581400,0.0,0.0,ICE,ICE
2021-02-25,110.93000030517578,113.58999633789062,110.93000030517578,112.0,105.04456329345705,3470600,0.0,0.0,ICE,ICE
2021-02-26,112.61000061035156,112.98999786376952,110.13999938964844,110.30999755859376,103.45952606201172,3260400,0.0,0.0,ICE,ICE
2021-03-01,111.12000274658205,114.26000213623048,110.9800033569336,113.73999786376952,106.67650604248048,2297900,0.0,0.0,ICE,ICE
2021-03-02,113.7699966430664,114.97000122070312,113.08000183105467,113.62000274658205,106.56397247314452,1872400,0.0,0.0,ICE,ICE
2021-03-03,113.0,113.33999633789062,111.54000091552734,111.63999938964844,104.70690155029295,3542600,0.0,0.0,ICE,ICE
2021-03-04,111.33000183105467,113.47000122070312,110.0199966430664,111.12999725341795,104.22859191894533,3317600,0.0,0.0,ICE,ICE
2021-03-05,112.04000091552734,115.44000244140624,110.5999984741211,114.97000122070312,107.8301239013672,3007500,0.0,0.0,ICE,ICE
2021-03-08,115.0,116.05999755859376,113.61000061035156,113.73999786376952,106.67650604248048,2741100,0.0,0.0,ICE,ICE
2021-03-09,114.06999969482422,116.7699966430664,114.01000213623048,114.41000366210938,107.30489349365234,2786600,0.0,0.0,ICE,ICE
2021-03-10,115.13999938964844,116.0999984741211,114.62999725341795,115.58000183105467,108.40225219726562,2116600,0.0,0.0,ICE,ICE
2021-03-11,115.87999725341795,116.22000122070312,114.88999938964844,115.1999969482422,108.04583740234376,1882500,0.0,0.0,ICE,ICE
2021-03-12,115.5,115.7699966430664,114.75,115.31999969482422,108.15839385986328,1485300,0.0,0.0,ICE,ICE
2021-03-15,115.37000274658205,116.0,114.62000274658205,115.66000366210938,108.47728729248048,1756500,0.0,0.0,ICE,ICE
2021-03-16,115.69000244140624,116.08000183105467,114.38999938964844,114.66000366210938,107.84707641601562,1436700,0.33,0.0,ICE,ICE
2021-03-17,115.23999786376952,115.23999786376952,113.37999725341795,113.6999969482422,106.94412231445312,2027400,0.0,0.0,ICE,ICE
2021-03-18,113.56999969482422,113.68000030517578,111.55999755859376,111.63999938964844,105.00651550292967,2876100,0.0,0.0,ICE,ICE
2021-03-19,111.44000244140624,112.5199966430664,110.8000030517578,111.1999969482422,104.5926742553711,3531400,0.0,0.0,ICE,ICE
2021-03-22,110.87000274658205,112.19000244140624,110.2300033569336,111.5500030517578,104.92188262939452,1782900,0.0,0.0,ICE,ICE
2021-03-23,111.4499969482422,112.5199966430664,111.20999908447266,111.6500015258789,105.01595306396484,1948800,0.0,0.0,ICE,ICE
2021-03-24,111.69000244140624,113.22000122070312,111.12999725341795,112.61000061035156,105.91890716552734,1984200,0.0,0.0,ICE,ICE
2021-03-25,112.72000122070312,112.72000122070312,111.5,112.27999877929688,105.6084976196289,2053300,0.0,0.0,ICE,ICE
2021-03-26,112.66999816894533,113.72000122070312,111.77999877929688,113.63999938964844,106.8876953125,1839700,0.0,0.0,ICE,ICE
2021-03-29,113.1999969482422,113.76000213623048,111.70999908447266,113.27999877929688,106.54908752441406,1966500,0.0,0.0,ICE,ICE
2021-03-30,112.56999969482422,113.0199966430664,110.97000122070312,111.2300033569336,104.6208953857422,1874800,0.0,0.0,ICE,ICE
2021-03-31,110.94000244140624,112.83999633789062,110.94000244140624,111.68000030517578,105.04415893554688,2210500,0.0,0.0,ICE,ICE
2021-04-01,112.43000030517578,114.20999908447266,111.93000030517578,114.1999969482422,107.4144058227539,1956000,0.0,0.0,ICE,ICE
2021-04-05,114.86000061035156,115.43000030517578,114.19000244140624,115.11000061035156,108.27034759521484,1508800,0.0,0.0,ICE,ICE
2021-04-06,115.02999877929688,115.2300033569336,113.7300033569336,113.91000366210938,107.14166259765624,2196300,0.0,0.0,ICE,ICE
2021-04-07,114.11000061035156,114.87999725341795,113.63999938964844,114.75,107.9317398071289,2436100,0.0,0.0,ICE,ICE
2021-04-08,115.56999969482422,116.1999969482422,115.05999755859376,116.04000091552734,109.14510345458984,2644900,0.0,0.0,ICE,ICE
2021-04-09,116.5199966430664,117.27999877929688,115.97000122070312,117.16999816894533,110.20795440673828,1657600,0.0,0.0,ICE,ICE
2021-04-12,116.83999633789062,117.88999938964844,116.66000366210938,117.70999908447266,110.71587371826172,2070800,0.0,0.0,ICE,ICE
2021-04-13,117.58000183105467,119.23999786376952,117.25,118.72000122070312,111.6658706665039,1690400,0.0,0.0,ICE,ICE
2021-04-14,118.6999969482422,119.93000030517578,117.95999908447266,118.19000244140624,111.1673583984375,1773700,0.0,0.0,ICE,ICE
2021-04-15,118.63999938964844,119.87999725341795,118.5999984741211,119.86000061035156,112.73810577392578,2091600,0.0,0.0,ICE,ICE
2021-04-16,120.4000015258789,121.08000183105467,119.55999755859376,120.7300033569336,113.55643463134766,2414400,0.0,0.0,ICE,ICE
2021-04-19,120.37999725341795,120.54000091552734,118.95999908447266,119.73999786376952,112.625244140625,2085300,0.0,0.0,ICE,ICE
2021-04-20,119.77999877929688,120.5,119.33999633789062,119.76000213623048,112.6440658569336,2693600,0.0,0.0,ICE,ICE
2021-04-21,120.2300033569336,120.86000061035156,119.12999725341795,119.52999877929688,112.4277114868164,1908400,0.0,0.0,ICE,ICE
2021-04-22,119.0500030517578,120.79000091552734,118.88999938964844,119.83999633789062,112.71930694580078,1645100,0.0,0.0,ICE,ICE
2021-04-23,120.3499984741211,121.97000122070312,120.0,121.2699966430664,114.06432342529295,1375500,0.0,0.0,ICE,ICE
2021-04-26,121.43000030517578,121.9000015258789,120.77999877929688,120.86000061035156,113.67869567871094,1156700,0.0,0.0,ICE,ICE
2021-04-27,120.68000030517578,121.38999938964844,120.26000213623048,121.2300033569336,114.02669525146484,1662400,0.0,0.0,ICE,ICE
2021-04-28,121.4800033569336,121.51000213623048,118.5,119.06999969482422,111.99503326416016,2618900,0.0,0.0,ICE,ICE
2021-04-29,118.94000244140624,119.0,115.91000366210938,117.68000030517578,110.68765258789062,3624100,0.0,0.0,ICE,ICE
2021-04-30,117.0999984741211,117.70999908447266,115.45999908447266,117.70999908447266,110.71587371826172,3183300,0.0,0.0,ICE,ICE
2021-05-03,117.7699966430664,118.16000366210938,115.06999969482422,115.45999908447266,108.59955596923828,2672000,0.0,0.0,ICE,ICE
2021-05-04,114.6500015258789,114.77999877929688,113.27999877929688,114.54000091552734,107.73421478271484,3270400,0.0,0.0,ICE,ICE
2021-05-05,115.06999969482422,115.87999725341795,114.11000061035156,114.72000122070312,107.9035415649414,2558100,0.0,0.0,ICE,ICE
2021-05-06,114.98999786376952,115.0500030517578,113.0500030517578,113.62000274658205,106.868896484375,2269000,0.0,0.0,ICE,ICE
2021-05-07,114.12000274658205,115.5199966430664,113.6999969482422,114.80999755859376,107.9881820678711,2240600,0.0,0.0,ICE,ICE
2021-05-10,114.63999938964844,115.93000030517578,114.13999938964844,114.27999877929688,107.48966217041016,1743100,0.0,0.0,ICE,ICE
2021-05-11,113.29000091552734,113.8499984741211,112.0199966430664,113.06999969482422,106.35155487060548,1904800,0.0,0.0,ICE,ICE
2021-05-12,112.97000122070312,113.98999786376952,111.38999938964844,111.45999908447266,104.83723449707033,2599600,0.0,0.0,ICE,ICE
2021-05-13,112.3499984741211,113.41000366210938,111.87000274658205,112.16999816894533,105.50503540039062,2753600,0.0,0.0,ICE,ICE
2021-05-14,112.70999908447266,113.73999786376952,112.11000061035156,113.26000213623048,106.5302734375,2163400,0.0,0.0,ICE,ICE
2021-05-17,113.48999786376952,113.66000366210938,111.93000030517578,112.47000122070312,105.7872314453125,1537900,0.0,0.0,ICE,ICE
2021-05-18,112.23999786376952,112.4000015258789,110.66000366210938,110.76000213623048,104.17884063720705,2186700,0.0,0.0,ICE,ICE
2021-05-19,110.0,110.98999786376952,109.04000091552734,110.73999786376952,104.16001892089844,3252700,0.0,0.0,ICE,ICE
2021-05-20,110.94000244140624,112.81999969482422,110.66000366210938,111.95999908447266,105.3075180053711,3039100,0.0,0.0,ICE,ICE
2021-05-21,112.36000061035156,113.69000244140624,112.3499984741211,113.16000366210938,106.43620300292967,2578900,0.0,0.0,ICE,ICE
2021-05-24,113.66000366210938,114.37999725341795,112.6999969482422,112.97000122070312,106.25749969482422,2218300,0.0,0.0,ICE,ICE
2021-05-25,113.2699966430664,113.43000030517578,112.11000061035156,112.37999725341795,105.70254516601562,1591200,0.0,0.0,ICE,ICE
2021-05-26,113.08999633789062,113.80999755859376,111.95999908447266,112.37000274658205,105.69315338134766,2508800,0.0,0.0,ICE,ICE
2021-05-27,112.81999969482422,112.98999786376952,111.97000122070312,112.0199966430664,105.3639678955078,3545800,0.0,0.0,ICE,ICE
2021-05-28,112.41999816894533,113.13999938964844,112.06999969482422,112.87999725341795,106.17283630371094,3193400,0.0,0.0,ICE,ICE
2021-06-01,113.86000061035156,114.0,109.5999984741211,109.80999755859376,103.2852554321289,3792500,0.0,0.0,ICE,ICE
2021-06-02,110.05999755859376,111.94000244140624,110.05999755859376,111.75,105.1099853515625,3261900,0.0,0.0,ICE,ICE
2021-06-03,111.4800033569336,112.5500030517578,110.76000213623048,111.5999984741211,104.96891021728516,2508300,0.0,0.0,ICE,ICE
2021-06-04,111.95999908447266,112.55999755859376,111.41999816894533,112.18000030517578,105.51443481445312,2367800,0.0,0.0,ICE,ICE
2021-06-07,112.2300033569336,112.2300033569336,110.18000030517578,110.4000015258789,103.84022521972656,1910900,0.0,0.0,ICE,ICE
2021-06-08,110.58000183105467,111.41999816894533,110.0199966430664,111.08000183105467,104.47980499267578,2520500,0.0,0.0,ICE,ICE
2021-06-09,111.1500015258789,111.72000122070312,110.73999786376952,110.8499984741211,104.2634735107422,2018700,0.0,0.0,ICE,ICE
2021-06-10,110.79000091552734,111.9499969482422,110.73999786376952,111.72000122070312,105.081787109375,2848600,0.0,0.0,ICE,ICE
2021-06-11,112.0999984741211,113.1500015258789,112.0999984741211,112.66999816894533,105.97534942626952,3121900,0.0,0.0,ICE,ICE
2021-06-14,112.6999969482422,113.91999816894533,112.23999786376952,113.83999633789062,107.07579803466795,4195900,0.0,0.0,ICE,ICE
2021-06-15,113.88999938964844,114.68000030517578,113.2300033569336,114.04000091552734,107.57575988769533,2554100,0.33,0.0,ICE,ICE
2021-06-16,114.48999786376952,114.9000015258789,113.41000366210938,113.83999633789062,107.38709259033205,3245400,0.0,0.0,ICE,ICE
2021-06-17,113.8000030517578,114.41999816894533,113.01000213623048,114.0199966430664,107.55689239501952,2813700,0.0,0.0,ICE,ICE
2021-06-18,113.5999984741211,113.68000030517578,112.33000183105467,112.76000213623048,106.36832427978516,7058400,0.0,0.0,ICE,ICE
2021-06-21,113.12000274658205,114.22000122070312,112.1999969482422,113.6999969482422,107.2550277709961,3099500,0.0,0.0,ICE,ICE
2021-06-22,113.6500015258789,114.8000030517578,113.54000091552734,114.4499969482422,107.9625244140625,2329400,0.0,0.0,ICE,ICE
2021-06-23,116.45999908447266,117.13999938964844,115.63999938964844,116.63999938964844,110.02839660644533,3183700,0.0,0.0,ICE,ICE
2021-06-24,116.87000274658205,118.11000061035156,116.55999755859376,118.08999633789062,111.3961944580078,3062300,0.0,0.0,ICE,ICE
2021-06-25,118.66999816894533,119.47000122070312,118.30999755859376,119.31999969482422,112.55648803710938,5260500,0.0,0.0,ICE,ICE
2021-06-28,119.2300033569336,119.66000366210938,117.80999755859376,118.79000091552734,112.05652618408205,3159600,0.0,0.0,ICE,ICE
2021-06-29,119.08000183105467,119.4499969482422,118.48999786376952,118.76000213623048,112.0282211303711,1579800,0.0,0.0,ICE,ICE
2021-06-30,118.66000366210938,118.91000366210938,118.26000213623048,118.6999969482422,111.97161865234376,1750800,0.0,0.0,ICE,ICE
2021-07-01,118.91000366210938,119.27999877929688,118.68000030517578,118.83999633789062,112.10369873046876,1962000,0.0,0.0,ICE,ICE
2021-07-02,119.12000274658205,119.1500015258789,118.54000091552734,118.83000183105467,112.09425354003906,1350400,0.0,0.0,ICE,ICE
2021-07-06,119.05999755859376,119.19000244140624,117.19000244140624,117.9800033569336,111.29244232177734,2200800,0.0,0.0,ICE,ICE
2021-07-07,118.79000091552734,119.11000061035156,117.69000244140624,118.0,111.3113021850586,2201900,0.0,0.0,ICE,ICE
2021-07-08,116.8499984741211,118.2300033569336,116.51000213623048,118.05999755859376,111.3678970336914,2177100,0.0,0.0,ICE,ICE
2021-07-09,118.08000183105467,119.0,117.9499969482422,118.97000122070312,112.22630310058594,1611300,0.0,0.0,ICE,ICE
2021-07-12,118.98999786376952,119.3499984741211,118.56999969482422,119.05999755859376,112.31121826171876,2302200,0.0,0.0,ICE,ICE
2021-07-13,119.04000091552734,119.3000030517578,118.41999816894533,118.69000244140624,111.96218872070312,1359400,0.0,0.0,ICE,ICE
2021-07-14,118.3000030517578,118.69000244140624,117.47000122070312,118.18000030517578,111.4811019897461,2922100,0.0,0.0,ICE,ICE
2021-07-15,117.62000274658205,118.41999816894533,117.5,117.98999786376952,111.3018569946289,1607200,0.0,0.0,ICE,ICE
2021-07-16,118.36000061035156,118.83999633789062,117.73999786376952,118.05999755859376,111.3678970336914,1435200,0.0,0.0,ICE,ICE
2021-07-19,117.23999786376952,118.4000015258789,116.62000274658205,117.36000061035156,110.70758819580078,3704600,0.0,0.0,ICE,ICE
2021-07-20,117.5500030517578,119.66000366210938,117.41000366210938,119.13999938964844,112.38668060302734,2180800,0.0,0.0,ICE,ICE
2021-07-21,119.5,120.83000183105467,119.36000061035156,120.2300033569336,113.41490173339844,1541700,0.0,0.0,ICE,ICE
2021-07-22,120.5999984741211,120.6500015258789,119.62999725341795,120.37000274658205,113.54695892333984,1541700,0.0,0.0,ICE,ICE
2021-07-23,120.54000091552734,121.5999984741211,120.38999938964844,121.36000061035156,114.48082733154295,1347100,0.0,0.0,ICE,ICE
2021-07-26,121.1500015258789,121.18000030517578,119.79000091552734,120.43000030517578,113.60355377197266,1283500,0.0,0.0,ICE,ICE
2021-07-27,120.27999877929688,121.83999633789062,119.86000061035156,121.0500030517578,114.18840789794922,1941900,0.0,0.0,ICE,ICE
2021-07-28,121.37999725341795,121.80999755859376,120.5500030517578,121.31999969482422,114.44309997558594,1672400,0.0,0.0,ICE,ICE
2021-07-29,119.81999969482422,122.41999816894533,119.75,120.81999969482422,113.9714584350586,3461600,0.0,0.0,ICE,ICE
2021-07-30,119.7300033569336,121.38999938964844,119.61000061035156,119.83000183105467,113.0375747680664,2381300,0.0,0.0,ICE,ICE
2021-08-02,120.25,120.62000274658205,119.23999786376952,119.43000030517578,112.66023254394533,1993200,0.0,0.0,ICE,ICE
2021-08-03,119.1500015258789,119.55999755859376,117.55999755859376,119.12000274658205,112.36782836914062,2256200,0.0,0.0,ICE,ICE
2021-08-04,119.08999633789062,119.79000091552734,118.5,119.52999877929688,112.75456237792967,1459000,0.0,0.0,ICE,ICE
2021-08-05,119.93000030517578,119.9800033569336,118.56999969482422,119.41999816894533,112.65081787109376,1600200,0.0,0.0,ICE,ICE
2021-08-06,119.88999938964844,120.2300033569336,119.4800033569336,120.0,113.19793701171876,1505700,0.0,0.0,ICE,ICE
2021-08-09,120.18000030517578,120.5199966430664,119.26000213623048,119.97000122070312,113.16963958740234,1412900,0.0,0.0,ICE,ICE
2021-08-10,120.22000122070312,120.22000122070312,118.75,119.58999633789062,112.81117248535156,1776400,0.0,0.0,ICE,ICE
2021-08-11,119.97000122070312,120.08999633789062,118.51000213623048,118.72000122070312,111.99048614501952,1600500,0.0,0.0,ICE,ICE
2021-08-12,118.45999908447266,118.45999908447266,117.25,118.04000091552734,111.34903717041016,1733200,0.0,0.0,ICE,ICE
2021-08-13,118.0,118.12000274658205,116.66000366210938,116.87999725341795,110.25477600097656,1356500,0.0,0.0,ICE,ICE
2021-08-16,116.44000244140624,118.0999984741211,115.9499969482422,118.04000091552734,111.34903717041016,1505600,0.0,0.0,ICE,ICE
2021-08-17,117.62000274658205,118.30999755859376,117.08999633789062,117.61000061035156,110.9434051513672,1673700,0.0,0.0,ICE,ICE
2021-08-18,117.7699966430664,117.86000061035156,115.30999755859376,115.38999938964844,108.8492431640625,2444800,0.0,0.0,ICE,ICE
2021-08-19,114.27999877929688,116.77999877929688,114.0199966430664,116.37999725341795,109.78311920166016,2061300,0.0,0.0,ICE,ICE
2021-08-20,116.72000122070312,117.91999816894533,116.19000244140624,117.1500015258789,110.50948333740234,1982400,0.0,0.0,ICE,ICE
2021-08-23,117.70999908447266,118.72000122070312,117.52999877929688,118.06999969482422,111.3773422241211,1504200,0.0,0.0,ICE,ICE
2021-08-24,118.3000030517578,118.38999938964844,117.12000274658205,117.4000015258789,110.74530792236328,989900,0.0,0.0,ICE,ICE
2021-08-25,117.61000061035156,117.91000366210938,117.1999969482422,117.3000030517578,110.65098571777344,1037000,0.0,0.0,ICE,ICE
2021-08-26,117.4800033569336,117.77999877929688,117.13999938964844,117.5500030517578,110.88681030273438,1509100,0.0,0.0,ICE,ICE
2021-08-27,117.7699966430664,118.56999969482422,117.5500030517578,118.41000366210938,111.69807434082033,1598500,0.0,0.0,ICE,ICE
2021-08-30,118.6999969482422,120.08000183105467,118.41999816894533,119.36000061035156,112.59423065185548,1374400,0.0,0.0,ICE,ICE
2021-08-31,119.5500030517578,119.94000244140624,119.1999969482422,119.52999877929688,112.75456237792967,2399700,0.0,0.0,ICE,ICE
2021-09-01,119.7300033569336,120.9499969482422,118.9499969482422,120.62000274658205,113.78279876708984,1398900,0.0,0.0,ICE,ICE
2021-09-02,120.94000244140624,121.5,120.01000213623048,120.7300033569336,113.88656616210938,1376800,0.0,0.0,ICE,ICE
2021-09-03,120.45999908447266,121.68000030517578,120.45999908447266,121.12999725341795,114.26388549804688,1874700,0.0,0.0,ICE,ICE
2021-09-07,121.01000213623048,121.01000213623048,118.4000015258789,118.73999786376952,112.00936126708984,2929300,0.0,0.0,ICE,ICE
2021-09-08,118.62999725341795,119.93000030517578,118.25,119.73999786376952,112.9526824951172,2516500,0.0,0.0,ICE,ICE
2021-09-09,119.9000015258789,120.80999755859376,119.41000366210938,119.4499969482422,112.6791000366211,2099700,0.0,0.0,ICE,ICE
2021-09-10,120.0,120.0,118.72000122070312,118.83999633789062,112.10369873046876,1893800,0.0,0.0,ICE,ICE
2021-09-13,119.66999816894533,120.5999984741211,117.31999969482422,118.5500030517578,111.83014678955078,2654700,0.0,0.0,ICE,ICE
2021-09-14,118.9499969482422,119.33000183105467,118.51000213623048,119.26000213623048,112.49986267089844,1926400,0.0,0.0,ICE,ICE
2021-09-15,119.12999725341795,119.72000122070312,118.37999725341795,118.76000213623048,112.3390655517578,3189400,0.33,0.0,ICE,ICE
2021-09-16,118.7300033569336,119.2699966430664,118.29000091552734,118.93000030517578,112.49987030029295,2049900,0.0,0.0,ICE,ICE
2021-09-17,118.47000122070312,118.73999786376952,117.29000091552734,117.6999969482422,111.3363800048828,4100800,0.0,0.0,ICE,ICE
2021-09-20,116.45999908447266,117.54000091552734,115.62000274658205,116.83000183105467,110.51342010498048,2783800,0.0,0.0,ICE,ICE
2021-09-21,117.01000213623048,117.9800033569336,116.5,116.73999786376952,110.42829132080078,2644100,0.0,0.0,ICE,ICE
2021-09-22,117.29000091552734,117.52999877929688,116.47000122070312,116.91000366210938,110.58908081054688,2726100,0.0,0.0,ICE,ICE
2021-09-23,117.44000244140624,119.25,117.3000030517578,118.91000366210938,112.48094940185548,2087500,0.0,0.0,ICE,ICE
2021-09-24,118.6500015258789,119.91000366210938,118.37000274658205,119.73999786376952,113.26607513427734,1796300,0.0,0.0,ICE,ICE
2021-09-27,119.91999816894533,119.91999816894533,117.87000274658205,118.63999938964844,112.2255630493164,2733800,0.0,0.0,ICE,ICE
2021-09-28,118.0,118.29000091552734,115.66999816894533,116.5500030517578,110.24856567382812,2758900,0.0,0.0,ICE,ICE
2021-09-29,117.0,118.3000030517578,116.7699966430664,116.9000015258789,110.57964324951172,2446800,0.0,0.0,ICE,ICE
2021-09-30,117.22000122070312,117.69000244140624,114.73999786376952,114.81999969482422,108.61209869384766,2452500,0.0,0.0,ICE,ICE
2021-10-01,115.41000366210938,116.19000244140624,113.9000015258789,115.4000015258789,109.16075134277344,2465500,0.0,0.0,ICE,ICE
2021-10-04,115.2300033569336,116.22000122070312,113.93000030517578,114.6999969482422,108.49857330322266,2472500,0.0,0.0,ICE,ICE
2021-10-05,115.58999633789062,118.5,115.2300033569336,118.08000183105467,111.69583892822266,2569500,0.0,0.0,ICE,ICE
2021-10-06,117.83999633789062,122.68000030517578,117.62000274658205,122.62000274658205,115.99039459228516,4649300,0.0,0.0,ICE,ICE
2021-10-07,123.6999969482422,127.05999755859376,123.5999984741211,126.4000015258789,119.56600189208984,3649200,0.0,0.0,ICE,ICE
2021-10-08,126.73999786376952,128.22999572753906,126.01000213623048,128.10000610351562,121.17411041259766,2124000,0.0,0.0,ICE,ICE
2021-10-11,128.16000366210938,129.3800048828125,127.3000030517578,127.56999969482422,120.67274475097656,2260900,0.0,0.0,ICE,ICE
2021-10-12,127.93000030517578,128.77000427246094,127.23999786376952,127.54000091552734,120.64436340332033,2012000,0.0,0.0,ICE,ICE
2021-10-13,128.0399932861328,128.61000061035156,126.62999725341795,128.35000610351562,121.41057586669922,1931000,0.0,0.0,ICE,ICE
2021-10-14,129.49000549316406,129.6699981689453,128.52000427246094,128.75,121.78893280029295,2210900,0.0,0.0,ICE,ICE
2021-10-15,129.80999755859375,129.80999755859375,128.42999267578125,129.38999938964844,122.39434814453124,2376100,0.0,0.0,ICE,ICE
2021-10-18,131.0,131.36000061035156,129.35000610351562,130.3000030517578,123.2551727294922,2112100,0.0,0.0,ICE,ICE
2021-10-19,130.55999755859375,131.16000366210938,130.25999450683594,130.91000366210938,123.8321533203125,1419100,0.0,0.0,ICE,ICE
2021-10-20,131.35000610351562,131.74000549316406,129.82000732421875,130.22000122070312,123.17945861816406,1400600,0.0,0.0,ICE,ICE
2021-10-21,130.25,130.55999755859375,129.24000549316406,129.61000061035156,122.60247039794922,1758900,0.0,0.0,ICE,ICE
2021-10-22,129.75,131.86000061035156,129.74000549316406,131.60000610351562,124.48487091064452,1575800,0.0,0.0,ICE,ICE
2021-10-25,131.85000610351562,133.22999572753906,131.30999755859375,133.0399932861328,125.84700775146484,1532200,0.0,0.0,ICE,ICE
2021-10-26,134.0800018310547,135.82000732421875,133.67999267578125,133.72000122070312,126.49024200439452,2401300,0.0,0.0,ICE,ICE
2021-10-27,133.3300018310547,134.7100067138672,132.82000732421875,132.9600067138672,125.77132415771484,2203400,0.0,0.0,ICE,ICE
2021-10-28,133.1300048828125,138.0,133.1300048828125,135.49000549316406,128.16456604003906,3167000,0.0,0.0,ICE,ICE
2021-10-29,135.08999633789062,138.82000732421875,135.0500030517578,138.4600067138672,130.97393798828125,2588800,0.0,0.0,ICE,ICE
2021-11-01,138.8699951171875,139.3300018310547,136.9499969482422,137.1300048828125,129.71585083007812,1859100,0.0,0.0,ICE,ICE
2021-11-02,137.39999389648438,139.7899932861328,137.35000610351562,138.80999755859375,131.3050537109375,2522100,0.0,0.0,ICE,ICE
2021-11-03,138.3000030517578,138.97000122070312,136.10000610351562,137.19000244140625,129.77264404296875,2166900,0.0,0.0,ICE,ICE
2021-11-04,137.49000549316406,138.32000732421875,136.02999877929688,136.52000427246094,129.13885498046875,3529100,0.0,0.0,ICE,ICE
2021-11-05,137.19000244140625,137.99000549316406,135.63999938964844,136.0800018310547,128.72262573242188,2482700,0.0,0.0,ICE,ICE
2021-11-08,136.42999267578125,136.77000427246094,135.13999938964844,135.75,128.4104766845703,2434300,0.0,0.0,ICE,ICE
2021-11-09,135.5399932861328,135.97000122070312,134.9199981689453,135.47999572753906,128.15512084960938,2365800,0.0,0.0,ICE,ICE
2021-11-10,135.0800018310547,135.5500030517578,133.77999877929688,134.2100067138672,126.9537582397461,2056200,0.0,0.0,ICE,ICE
2021-11-11,134.0,134.66000366210938,133.5399932861328,134.0,126.75513458251952,1498700,0.0,0.0,ICE,ICE
2021-11-12,134.60000610351562,135.39999389648438,134.07000732421875,135.2899932861328,127.97537994384766,3116100,0.0,0.0,ICE,ICE
2021-11-15,135.6699981689453,136.14999389648438,134.8300018310547,135.2899932861328,127.97537994384766,1367200,0.0,0.0,ICE,ICE
2021-11-16,135.47999572753906,136.8000030517578,135.36000061035156,136.07000732421875,128.71316528320312,1744000,0.0,0.0,ICE,ICE
2021-11-17,135.72999572753906,136.50999450683594,134.77999877929688,136.27000427246094,128.90235900878906,1979400,0.0,0.0,ICE,ICE
2021-11-18,136.77999877929688,136.86000061035156,135.33999633789062,135.3699951171875,128.051025390625,1686300,0.0,0.0,ICE,ICE
2021-11-19,135.27000427246094,135.32000732421875,133.24000549316406,133.3000030517578,126.09296417236328,2477200,0.0,0.0,ICE,ICE
2021-11-22,133.66000366210938,134.77999877929688,132.77999877929688,132.97999572753906,125.79024505615234,1888400,0.0,0.0,ICE,ICE
2021-11-23,132.4499969482422,132.88999938964844,130.91000366210938,132.0500030517578,124.9105224609375,2324900,0.0,0.0,ICE,ICE
2021-11-24,132.11000061035156,132.58999633789062,131.32000732421875,132.27000427246094,125.11864471435548,2007700,0.0,0.0,ICE,ICE
2021-11-26,131.16000366210938,132.2100067138672,129.24000549316406,129.67999267578125,122.66864776611328,1539100,0.0,0.0,ICE,ICE
2021-11-29,130.72000122070312,132.61000061035156,130.50999450683594,131.89999389648438,124.76863861083984,2275100,0.0,0.0,ICE,ICE
2021-11-30,130.82000732421875,132.57000732421875,130.27999877929688,130.72000122070312,123.65243530273438,4043600,0.0,0.0,ICE,ICE
2021-12-01,132.10000610351562,132.9600067138672,128.9600067138672,129.02000427246094,122.04436492919922,2845400,0.0,0.0,ICE,ICE
2021-12-02,129.4600067138672,132.5399932861328,129.0800018310547,131.22000122070312,124.12540435791016,2648800,0.0,0.0,ICE,ICE
2021-12-03,131.75,132.0399932861328,128.5399932861328,130.19000244140625,123.1511001586914,2604600,0.0,0.0,ICE,ICE
2021-12-06,131.60000610351562,131.7899932861328,130.25999450683594,130.86000061035156,123.78485870361328,1889100,0.0,0.0,ICE,ICE
2021-12-07,132.38999938964844,134.27999877929688,131.94000244140625,134.00999450683594,126.76453399658205,3090900,0.0,0.0,ICE,ICE
2021-12-08,134.27000427246094,135.92999267578125,133.75,135.55999755859375,128.23074340820312,1807400,0.0,0.0,ICE,ICE
2021-12-09,134.97999572753906,135.4199981689453,133.8699951171875,134.60000610351562,127.32266235351562,2095500,0.0,0.0,ICE,ICE
2021-12-10,135.1999969482422,135.97999572753906,134.3300018310547,135.5399932861328,128.21182250976562,1742500,0.0,0.0,ICE,ICE
2021-12-13,135.58999633789062,136.17999267578125,135.00999450683594,135.5800018310547,128.24969482421875,2716300,0.0,0.0,ICE,ICE
2021-12-14,134.82000732421875,135.0,131.9199981689453,133.80999755859375,126.57535552978516,2806100,0.0,0.0,ICE,ICE
2021-12-15,134.0800018310547,135.25999450683594,133.0399932861328,135.1199951171875,127.81456756591795,1692300,0.0,0.0,ICE,ICE
2021-12-16,135.44000244140625,136.72999572753906,135.02999877929688,135.99000549316406,128.9524688720703,2603100,0.33,0.0,ICE,ICE
2021-12-17,135.5800018310547,135.6199951171875,133.1999969482422,133.3800048828125,126.47750854492188,4208000,0.0,0.0,ICE,ICE
2021-12-20,132.1699981689453,132.77000427246094,130.88999938964844,132.55999755859375,125.6999282836914,1516400,0.0,0.0,ICE,ICE
2021-12-21,133.3800048828125,134.25999450683594,132.55999755859375,134.05999755859375,127.12232208251952,1713500,0.0,0.0,ICE,ICE
2021-12-22,133.89999389648438,135.33999633789062,133.3699951171875,135.24000549316406,128.24130249023438,1083500,0.0,0.0,ICE,ICE
2021-12-23,135.60000610351562,136.6199951171875,135.36000061035156,135.83999633789062,128.8102264404297,1212300,0.0,0.0,ICE,ICE
2021-12-27,135.85000610351562,137.8300018310547,135.85000610351562,137.75,130.62136840820312,852800,0.0,0.0,ICE,ICE
2021-12-28,137.8000030517578,138.24000549316406,137.41000366210938,137.6300048828125,130.507568359375,1033500,0.0,0.0,ICE,ICE
2021-12-29,137.9600067138672,138.4600067138672,137.1300048828125,137.24000549316406,130.13780212402344,946100,0.0,0.0,ICE,ICE
2021-12-30,137.3800048828125,137.99000549316406,136.67999267578125,136.77999877929688,129.70156860351562,758000,0.0,0.0,ICE,ICE
2021-12-31,136.47999572753906,137.42999267578125,136.47999572753906,136.77000427246094,129.69207763671875,856900,0.0,0.0,ICE,ICE
2022-01-03,136.52999877929688,136.6999969482422,133.17999267578125,133.9499969482422,127.01801300048828,1792000,0.0,0.0,ICE,ICE
2022-01-04,134.22000122070312,134.80999755859375,132.6300048828125,134.07000732421875,127.13182067871094,1857200,0.0,0.0,ICE,ICE
2022-01-05,134.3300018310547,134.83999633789062,132.3000030517578,132.38999938964844,125.53878021240234,1846800,0.0,0.0,ICE,ICE
2022-01-06,132.66000366210938,133.41000366210938,131.38999938964844,133.16000366210938,126.26891326904295,2205700,0.0,0.0,ICE,ICE
2022-01-07,133.24000549316406,133.8300018310547,131.5399932861328,133.25,126.35425567626952,1962200,0.0,0.0,ICE,ICE
2022-01-10,132.25999450683594,132.72999572753906,130.4499969482422,131.5,124.69481658935548,2510200,0.0,0.0,ICE,ICE
2022-01-11,131.52999877929688,132.05999755859375,129.2899932861328,131.9499969482422,125.12150573730467,2479700,0.0,0.0,ICE,ICE
2022-01-12,132.22999572753906,133.89999389648438,132.00999450683594,133.47999572753906,126.57234191894533,2156300,0.0,0.0,ICE,ICE
2022-01-13,133.8800048828125,134.11000061035156,129.22999572753906,129.55999755859375,122.85521697998048,1893800,0.0,0.0,ICE,ICE
2022-01-14,128.5800018310547,128.63999938964844,125.62999725341795,126.5999984741211,120.04839324951172,3628600,0.0,0.0,ICE,ICE
2022-01-18,125.55999755859376,127.01000213623048,124.26000213623048,126.37999725341795,119.83975982666016,3195400,0.0,0.0,ICE,ICE
2022-01-19,126.87000274658205,128.30999755859375,125.80999755859376,125.80999755859376,119.2992706298828,2549700,0.0,0.0,ICE,ICE
2022-01-20,126.4800033569336,128.02999877929688,125.86000061035156,126.12000274658205,119.59322357177734,2744800,0.0,0.0,ICE,ICE
2022-01-21,126.1999969482422,127.44000244140624,125.4000015258789,125.63999938964844,119.1380615234375,4442300,0.0,0.0,ICE,ICE
2022-01-24,123.5999984741211,125.9499969482422,121.12999725341795,125.31999969482422,118.83462524414062,4011800,0.0,0.0,ICE,ICE
2022-01-25,123.7300033569336,124.9499969482422,121.7300033569336,123.9499969482422,117.53551483154295,3164500,0.0,0.0,ICE,ICE
2022-01-26,125.33999633789062,125.75,120.97000122070312,122.1500015258789,115.82867431640624,3084000,0.0,0.0,ICE,ICE
2022-01-27,123.41999816894533,125.20999908447266,121.52999877929688,122.4000015258789,116.06572723388672,3255200,0.0,0.0,ICE,ICE
2022-01-28,122.45999908447266,124.54000091552734,120.58000183105467,124.3499984741211,117.91482543945312,3736100,0.0,0.0,ICE,ICE
2022-01-31,124.55999755859376,126.88999938964844,124.41999816894533,126.66000366210938,120.10528564453124,3022900,0.0,0.0,ICE,ICE
2022-02-01,127.04000091552734,127.33000183105467,125.29000091552734,127.04000091552734,120.4656219482422,2355200,0.0,0.0,ICE,ICE
2022-02-02,126.79000091552734,129.1999969482422,126.61000061035156,129.02999877929688,122.3526382446289,2584600,0.0,0.0,ICE,ICE
2022-02-03,127.2699966430664,128.5800018310547,125.66000366210938,127.88999938964844,121.2716293334961,2919700,0.0,0.0,ICE,ICE
2022-02-04,127.44000244140624,130.75999450683594,126.9800033569336,129.75999450683594,123.04485321044922,4300100,0.0,0.0,ICE,ICE
2022-02-07,129.7899932861328,130.0,127.3000030517578,127.68000030517578,121.0724868774414,1795300,0.0,0.0,ICE,ICE
2022-02-08,127.01000213623048,128.0800018310547,124.51000213623048,127.58999633789062,120.98715209960938,3400300,0.0,0.0,ICE,ICE
2022-02-09,129.00999450683594,130.6999969482422,128.83999633789062,129.0500030517578,122.3716049194336,2172900,0.0,0.0,ICE,ICE
2022-02-10,127.0,128.64999389648438,126.27999877929688,126.72000122070312,120.16217803955078,2670100,0.0,0.0,ICE,ICE
2022-02-11,126.62000274658205,127.45999908447266,124.9000015258789,125.93000030517578,119.41307067871094,3018400,0.0,0.0,ICE,ICE
2022-02-14,125.87000274658205,126.62999725341795,123.93000030517578,124.83999633789062,118.37944793701172,2736200,0.0,0.0,ICE,ICE
2022-02-15,126.5,127.06999969482422,124.7699966430664,125.22000122070312,118.73980712890624,2252100,0.0,0.0,ICE,ICE
2022-02-16,124.5999984741211,126.56999969482422,124.30999755859376,125.72000122070312,119.21392059326172,2600300,0.0,0.0,ICE,ICE
2022-02-17,124.91999816894533,125.06999969482422,123.0999984741211,123.25,116.87174224853516,3017100,0.0,0.0,ICE,ICE
2022-02-18,123.54000091552734,124.19000244140624,122.11000061035156,122.87000274658205,116.51142120361328,2332100,0.0,0.0,ICE,ICE
2022-02-22,122.87000274658205,123.86000061035156,122.45999908447266,123.12000274658205,116.7484893798828,2513500,0.0,0.0,ICE,ICE
2022-02-23,123.3499984741211,126.12000274658205,123.2300033569336,123.69000244140624,117.28897094726562,4009000,0.0,0.0,ICE,ICE
2022-02-24,120.9499969482422,128.07000732421875,120.9000015258789,127.91999816894533,121.30006408691406,5109200,0.0,0.0,ICE,ICE
2022-02-25,127.75,128.80999755859375,126.36000061035156,128.47000122070312,121.82161712646484,3997400,0.0,0.0,ICE,ICE
2022-02-28,126.41999816894533,128.77000427246094,126.41999816894533,128.1199951171875,121.4897232055664,3358100,0.0,0.0,ICE,ICE
2022-03-01,128.16000366210938,129.10000610351562,127.02999877929688,127.75,121.1388702392578,3858300,0.0,0.0,ICE,ICE
2022-03-02,129.4199981689453,130.69000244140625,128.49000549316406,129.9499969482422,123.22502136230467,2463300,0.0,0.0,ICE,ICE
2022-03-03,130.49000549316406,132.72000122070312,130.25999450683594,131.39999389648438,124.59999084472656,2894100,0.0,0.0,ICE,ICE
2022-03-04,130.9499969482422,135.86000061035156,130.25999450683594,135.6999969482422,128.67745971679688,4346200,0.0,0.0,ICE,ICE
2022-03-07,135.9199981689453,137.22999572753906,132.3300018310547,132.38999938964844,125.53878021240234,5369400,0.0,0.0,ICE,ICE
2022-03-08,131.0,131.1699981689453,124.61000061035156,124.66999816894533,118.21826934814452,5014700,0.0,0.0,ICE,ICE
2022-03-09,126.3000030517578,129.38999938964844,124.63999938964844,128.77999877929688,122.11559295654295,3240800,0.0,0.0,ICE,ICE
2022-03-10,126.5999984741211,129.67999267578125,126.5999984741211,129.55999755859375,122.85521697998048,3456100,0.0,0.0,ICE,ICE
2022-03-11,129.32000732421875,129.9199981689453,126.19000244140624,126.36000061035156,119.82080841064452,2582100,0.0,0.0,ICE,ICE
2022-03-14,126.58000183105467,128.42999267578125,125.58000183105467,126.22000122070312,119.68806457519533,2560700,0.0,0.0,ICE,ICE
2022-03-15,127.63999938964844,130.61000061035156,127.01000213623048,130.25999450683594,123.51898956298828,2567200,0.0,0.0,ICE,ICE
2022-03-16,130.44000244140625,131.83999633789062,129.1199951171875,131.6199951171875,125.17375183105467,2430200,0.38,0.0,ICE,ICE
2022-03-17,131.4600067138672,133.61000061035156,131.4600067138672,133.60000610351562,127.0567855834961,2077500,0.0,0.0,ICE,ICE
2022-03-18,134.02999877929688,137.39999389648438,134.0,136.89999389648438,130.19517517089844,3078300,0.0,0.0,ICE,ICE
2022-03-21,136.25,137.2100067138672,135.25,135.97000122070312,129.31069946289062,1774800,0.0,0.0,ICE,ICE
2022-03-22,135.89999389648438,136.91000366210938,135.6199951171875,136.39999389648438,129.71963500976562,1967000,0.0,0.0,ICE,ICE
2022-03-23,136.0,136.0399932861328,134.69000244140625,134.89999389648438,128.2930908203125,2302200,0.0,0.0,ICE,ICE
2022-03-24,135.47999572753906,135.64999389648438,134.07000732421875,135.08999633789062,128.47381591796875,2553300,0.0,0.0,ICE,ICE
2022-03-25,135.6199951171875,135.8800048828125,134.50999450683594,135.25999450683594,128.63548278808594,2159900,0.0,0.0,ICE,ICE
2022-03-28,135.1699981689453,135.60000610351562,134.7100067138672,135.17999267578125,128.55943298339844,1798200,0.0,0.0,ICE,ICE
2022-03-29,135.27999877929688,135.49000549316406,131.47999572753906,132.64999389648438,126.15333557128906,2520300,0.0,0.0,ICE,ICE
2022-03-30,132.64999389648438,134.69000244140625,132.64999389648438,134.35000610351562,127.77007293701172,1861900,0.0,0.0,ICE,ICE
2022-03-31,134.27000427246094,136.0399932861328,132.11000061035156,132.1199951171875,125.64926147460938,3263500,0.0,0.0,ICE,ICE
2022-04-01,132.1300048828125,133.0500030517578,131.50999450683594,132.6999969482422,126.20084381103516,1731200,0.0,0.0,ICE,ICE
2022-04-04,132.6999969482422,132.92999267578125,130.0399932861328,130.6199951171875,124.22274017333984,1687700,0.0,0.0,ICE,ICE
2022-04-05,130.75,133.52000427246094,130.02000427246094,130.52999877929688,124.13713836669922,2174800,0.0,0.0,ICE,ICE
2022-04-06,129.75999450683594,130.4199981689453,128.3699951171875,129.1300048828125,122.80572509765624,3364700,0.0,0.0,ICE,ICE
2022-04-07,129.11000061035156,130.3800048828125,128.10000610351562,129.8800048828125,123.51900482177734,3611800,0.0,0.0,ICE,ICE
2022-04-08,130.41000366210938,132.3000030517578,129.67999267578125,129.88999938964844,123.52849578857422,5297000,0.0,0.0,ICE,ICE
2022-04-11,129.49000549316406,129.7899932861328,126.72000122070312,128.10000610351562,121.82614135742188,4007700,0.0,0.0,ICE,ICE
2022-04-12,127.88999938964844,129.27000427246094,124.5999984741211,124.83000183105467,118.71630096435548,2955100,0.0,0.0,ICE,ICE
2022-04-13,124.73999786376952,126.0999984741211,124.22000122070312,125.83000183105467,119.66732025146484,2049400,0.0,0.0,ICE,ICE
2022-04-14,125.7300033569336,126.52999877929688,124.04000091552734,124.52999877929688,118.43099212646484,4302000,0.0,0.0,ICE,ICE
2022-04-18,124.0,124.58999633789062,122.08999633789062,122.62000274658205,116.6145477294922,2046900,0.0,0.0,ICE,ICE
2022-04-19,122.5999984741211,123.0500030517578,121.55999755859376,122.93000030517578,116.90936279296876,4039900,0.0,0.0,ICE,ICE
2022-04-20,123.16999816894533,125.37000274658205,122.62000274658205,123.8499984741211,117.78429412841795,2579100,0.0,0.0,ICE,ICE
2022-04-21,124.48999786376952,124.48999786376952,120.38999938964844,120.70999908447266,114.79808044433594,2882400,0.0,0.0,ICE,ICE
2022-04-22,120.43000030517578,120.97000122070312,117.08999633789062,117.25,111.50755310058594,3896100,0.0,0.0,ICE,ICE
2022-04-25,116.56999969482422,116.91999816894533,114.5,116.8499984741211,111.12713623046876,5443600,0.0,0.0,ICE,ICE
2022-04-26,117.01000213623048,117.13999938964844,114.2300033569336,114.33000183105467,108.73055267333984,3108400,0.0,0.0,ICE,ICE
2022-04-27,114.36000061035156,117.3499984741211,114.19000244140624,116.6999969482422,110.98448181152344,3542500,0.0,0.0,ICE,ICE
2022-04-28,117.58999633789062,119.5999984741211,116.83999633789062,119.25,113.40959167480467,2922600,0.0,0.0,ICE,ICE
2022-04-29,118.3499984741211,119.47000122070312,115.52999877929688,115.80999755859376,110.13805389404295,3641700,0.0,0.0,ICE,ICE
2022-05-02,115.26000213623048,116.68000030517578,111.72000122070312,113.4800033569336,107.92218780517578,2825500,0.0,0.0,ICE,ICE
2022-05-03,113.47000122070312,115.2300033569336,113.23999786376952,114.4800033569336,108.87322235107422,3704100,0.0,0.0,ICE,ICE
2022-05-04,114.66999816894533,114.8000030517578,103.0,109.86000061035156,104.47947692871094,8336400,0.0,0.0,ICE,ICE
2022-05-05,108.16999816894533,108.48999786376952,100.88999938964844,101.62999725341795,96.65255737304688,9393400,0.0,0.0,ICE,ICE
2022-05-06,101.36000061035156,101.4800033569336,98.66999816894533,99.80999755859376,94.92169189453124,7995700,0.0,0.0,ICE,ICE
2022-05-09,97.87000274658205,102.01000213623048,96.5500030517578,96.98999786376952,92.23979949951172,5503600,0.0,0.0,ICE,ICE
2022-05-10,99.19000244140624,100.06999969482422,95.43000030517578,96.47000122070312,91.74526977539062,5215700,0.0,0.0,ICE,ICE
2022-05-11,95.8499984741211,97.73999786376952,94.5199966430664,94.5500030517578,89.9193115234375,4052700,0.0,0.0,ICE,ICE
2022-05-12,94.29000091552734,97.19000244140624,93.5199966430664,95.5,90.82279205322266,4099600,0.0,0.0,ICE,ICE
2022-05-13,96.55999755859376,99.25,95.7699966430664,98.2699966430664,93.45712280273438,3984500,0.0,0.0,ICE,ICE
2022-05-16,97.76000213623048,98.27999877929688,96.23999786376952,97.30999755859376,92.54412078857422,2811800,0.0,0.0,ICE,ICE
2022-05-17,98.83999633789062,99.5,97.36000061035156,99.12000274658205,94.26549530029295,3343800,0.0,0.0,ICE,ICE
2022-05-18,97.86000061035156,98.36000061035156,94.69000244140624,95.11000061035156,90.4518585205078,3181200,0.0,0.0,ICE,ICE
2022-05-19,93.61000061035156,96.91999816894533,93.4499969482422,95.9000015258789,91.20319366455078,3671900,0.0,0.0,ICE,ICE
2022-05-20,96.4800033569336,97.88999938964844,95.6999969482422,97.62000274658205,92.83895874023438,3235900,0.0,0.0,ICE,ICE
2022-05-23,99.08000183105467,99.08000183105467,96.68000030517578,98.11000061035156,93.3049545288086,3024000,0.0,0.0,ICE,ICE
2022-05-24,97.66000366210938,98.75,96.5,98.36000061035156,93.54271697998048,2168600,0.0,0.0,ICE,ICE
2022-05-25,97.5999984741211,98.55999755859376,96.62000274658205,97.5199966430664,92.7438507080078,4443700,0.0,0.0,ICE,ICE
2022-05-26,98.12000274658205,100.12999725341795,97.2300033569336,99.52999877929688,94.6553955078125,3645400,0.0,0.0,ICE,ICE
2022-05-27,100.69000244140624,102.6999969482422,100.22000122070312,102.6999969482422,97.6701431274414,2482100,0.0,0.0,ICE,ICE
2022-05-31,102.27999877929688,102.88999938964844,101.72000122070312,102.38999938964844,97.37533569335938,4122000,0.0,0.0,ICE,ICE
2022-06-01,102.31999969482422,103.48999786376952,101.52999877929688,101.98999786376952,96.99492645263672,3182900,0.0,0.0,ICE,ICE
2022-06-02,102.38999938964844,103.0999984741211,101.86000061035156,102.9000015258789,97.86035919189452,2296000,0.0,0.0,ICE,ICE
2022-06-03,102.13999938964844,102.5500030517578,100.9000015258789,100.94000244140624,95.99634552001952,2366900,0.0,0.0,ICE,ICE
2022-06-06,101.12999725341795,102.77999877929688,100.5500030517578,100.86000061035156,95.92025756835938,2371700,0.0,0.0,ICE,ICE
2022-06-07,100.3000030517578,101.91000366210938,100.16000366210938,101.76000213623048,96.77618408203124,3503400,0.0,0.0,ICE,ICE
2022-06-08,102.1999969482422,103.66000366210938,101.23999786376952,101.37999725341795,96.414794921875,2791000,0.0,0.0,ICE,ICE
2022-06-09,100.22000122070312,101.23999786376952,99.38999938964844,99.5,94.62686157226562,2304500,0.0,0.0,ICE,ICE
2022-06-10,98.13999938964844,98.79000091552734,97.04000091552734,97.77999877929688,92.99110412597656,2705300,0.0,0.0,ICE,ICE
2022-06-13,96.37000274658205,97.9800033569336,95.2300033569336,96.81999969482422,92.078125,2995400,0.0,0.0,ICE,ICE
2022-06-14,96.13999938964844,96.41000366210938,93.5199966430664,94.0500030517578,89.79623413085938,3975400,0.38,0.0,ICE,ICE
2022-06-15,94.83000183105467,96.93000030517578,93.62000274658205,95.62999725341795,91.30477905273438,3087500,0.0,0.0,ICE,ICE
2022-06-16,93.72000122070312,95.23999786376952,93.3499984741211,94.8499984741211,90.56005096435548,2618800,0.0,0.0,ICE,ICE
2022-06-17,93.93000030517578,94.6999969482422,90.05000305175781,90.33000183105467,86.24447631835938,10178000,0.0,0.0,ICE,ICE
2022-06-21,91.56999969482422,94.12000274658205,91.22000122070312,93.80999755859376,89.56707000732422,4550500,0.0,0.0,ICE,ICE
2022-06-22,92.5500030517578,95.1999969482422,92.27999877929688,93.95999908447266,89.71029663085938,2835100,0.0,0.0,ICE,ICE
2022-06-23,94.8000030517578,96.91000366210938,94.58000183105467,96.68000030517578,92.3072738647461,2131600,0.0,0.0,ICE,ICE
2022-06-24,97.04000091552734,97.9499969482422,96.1999969482422,97.91000366210938,93.4816436767578,3064200,0.0,0.0,ICE,ICE
2022-06-27,98.33000183105467,99.12999725341795,97.4000015258789,98.68000030517578,94.21681213378906,3143400,0.0,0.0,ICE,ICE
2022-06-28,98.69000244140624,99.36000061035156,96.72000122070312,96.75,92.37411499023438,2993900,0.0,0.0,ICE,ICE
2022-06-29,96.52999877929688,97.29000091552734,95.51000213623048,96.41000366210938,92.04949951171876,2194800,0.0,0.0,ICE,ICE
2022-06-30,95.41000366210938,95.51000213623048,93.33000183105467,94.04000091552734,89.78667449951172,2917100,0.0,0.0,ICE,ICE
2022-07-01,93.86000061035156,95.41999816894533,93.0199966430664,95.2300033569336,90.92285919189452,2293900,0.0,0.0,ICE,ICE
2022-07-05,94.5199966430664,96.08999633789062,93.69000244140624,96.0199966430664,91.67711639404295,4313200,0.0,0.0,ICE,ICE
2022-07-06,96.3000030517578,96.94000244140624,94.9000015258789,95.5,91.18064880371094,2108300,0.0,0.0,ICE,ICE
2022-07-07,95.6500015258789,97.3499984741211,95.5500030517578,96.68000030517578,92.3072738647461,1672000,0.0,0.0,ICE,ICE
2022-07-08,95.80999755859376,96.55999755859376,95.5500030517578,95.87000274658205,91.5339126586914,1260200,0.0,0.0,ICE,ICE
2022-07-11,95.26000213623048,95.63999938964844,94.11000061035156,94.54000091552734,90.2640609741211,1846400,0.0,0.0,ICE,ICE
2022-07-12,94.9000015258789,96.4499969482422,93.18000030517578,93.33999633789062,89.11833953857422,2254700,0.0,0.0,ICE,ICE
2022-07-13,92.1500015258789,95.0,91.83999633789062,94.48999786376952,90.2163314819336,3378200,0.0,0.0,ICE,ICE
2022-07-14,93.18000030517578,93.9000015258789,92.48999786376952,93.62000274658205,89.38567352294922,3046700,0.0,0.0,ICE,ICE
2022-07-15,94.97000122070312,95.9800033569336,94.79000091552734,95.83000183105467,91.4957046508789,3338200,0.0,0.0,ICE,ICE
2022-07-18,96.8499984741211,97.16000366210938,94.66000366210938,94.87999725341795,90.58869171142578,2700100,0.0,0.0,ICE,ICE
2022-07-19,95.47000122070312,97.02999877929688,94.83000183105467,96.80999755859376,92.43138885498048,2257300,0.0,0.0,ICE,ICE
2022-07-20,97.22000122070312,98.91000366210938,96.87000274658205,98.44000244140624,93.98767852783205,3179000,0.0,0.0,ICE,ICE
2022-07-21,98.29000091552734,99.58999633789062,97.88999938964844,99.47000122070312,94.97108459472656,2800900,0.0,0.0,ICE,ICE
2022-07-22,99.4800033569336,100.48999786376952,98.29000091552734,99.11000061035156,94.62736511230467,2886700,0.0,0.0,ICE,ICE
2022-07-25,99.41000366210938,99.68000030517578,98.0999984741211,98.97000122070312,94.49368286132812,1710400,0.0,0.0,ICE,ICE
2022-07-26,98.2300033569336,98.56999969482422,96.7699966430664,97.63999938964844,93.22384643554688,1940700,0.0,0.0,ICE,ICE
2022-07-27,97.6500015258789,97.98999786376952,96.12000274658205,97.51000213623048,93.0997314453125,2363500,0.0,0.0,ICE,ICE
2022-07-28,97.98999786376952,103.0500030517578,97.8000030517578,102.55999755859376,97.92132568359376,3033800,0.0,0.0,ICE,ICE
2022-07-29,101.9000015258789,102.86000061035156,101.31999969482422,101.98999786376952,97.37711334228516,2266300,0.0,0.0,ICE,ICE
2022-08-01,100.95999908447266,101.68000030517578,100.05999755859376,100.4000015258789,95.8590316772461,1952500,0.0,0.0,ICE,ICE
2022-08-02,99.73999786376952,101.5199966430664,99.55999755859376,100.66000366210938,96.10728454589844,2083100,0.0,0.0,ICE,ICE
2022-08-03,101.12999725341795,103.4499969482422,101.12999725341795,103.0199966430664,98.36051177978516,2561800,0.0,0.0,ICE,ICE
2022-08-04,106.79000091552734,108.30999755859376,106.12000274658205,107.44000244140624,102.58061981201172,3800800,0.0,0.0,ICE,ICE
2022-08-05,106.33999633789062,107.0,104.04000091552734,105.0199966430664,100.2700424194336,2773200,0.0,0.0,ICE,ICE
2022-08-08,105.62000274658205,106.0999984741211,103.87999725341795,104.3000030517578,99.58263397216795,1812200,0.0,0.0,ICE,ICE
2022-08-09,104.05999755859376,104.9499969482422,103.62000274658205,104.91000366210938,100.1650390625,1597000,0.0,0.0,ICE,ICE
2022-08-10,106.11000061035156,106.9000015258789,105.44000244140624,106.0500030517578,101.25348663330078,1779500,0.0,0.0,ICE,ICE
2022-08-11,106.7699966430664,107.94000244140624,106.23999786376952,106.62999725341795,101.80723571777344,1937400,0.0,0.0,ICE,ICE
2022-08-12,107.26000213623048,109.81999969482422,107.2300033569336,109.68000030517578,104.71929931640624,1971500,0.0,0.0,ICE,ICE
2022-08-15,109.4000015258789,110.36000061035156,108.9800033569336,109.5999984741211,104.6429214477539,2548200,0.0,0.0,ICE,ICE
2022-08-16,108.91000366210938,111.5500030517578,108.77999877929688,111.05999755859376,106.03688049316406,2148600,0.0,0.0,ICE,ICE
2022-08-17,110.4800033569336,111.86000061035156,110.01000213623048,111.6999969482422,106.64793395996094,1877100,0.0,0.0,ICE,ICE
2022-08-18,111.6500015258789,113.06999969482422,111.33000183105467,112.62000274658205,107.5263214111328,2338200,0.0,0.0,ICE,ICE
2022-08-19,111.66999816894533,112.0500030517578,108.8499984741211,109.08999633789062,104.15599060058594,4531000,0.0,0.0,ICE,ICE
2022-08-22,107.51000213623048,109.23999786376952,106.73999786376952,107.83000183105467,102.95295715332033,2312500,0.0,0.0,ICE,ICE
2022-08-23,107.7300033569336,107.7300033569336,105.94000244140624,106.4499969482422,101.63539123535156,1498500,0.0,0.0,ICE,ICE
2022-08-24,106.38999938964844,107.11000061035156,106.02999877929688,106.91999816894533,102.08411407470705,2525700,0.0,0.0,ICE,ICE
2022-08-25,107.25,107.80999755859376,106.0,107.01000213623048,102.17005920410156,1855300,0.0,0.0,ICE,ICE
2022-08-26,107.0,107.18000030517578,103.51000213623048,103.58999633789062,98.90473175048828,1684200,0.0,0.0,ICE,ICE
2022-08-29,103.06999969482422,103.12000274658205,101.54000091552734,101.58999633789062,96.99520111083984,3118700,0.0,0.0,ICE,ICE
2022-08-30,101.88999938964844,102.48999786376952,100.16999816894533,100.51000213623048,95.96405029296876,2939700,0.0,0.0,ICE,ICE
2022-08-31,101.36000061035156,102.0,100.62000274658205,100.8499984741211,96.2886734008789,3005400,0.0,0.0,ICE,ICE
2022-09-01,100.26000213623048,102.0999984741211,99.06999969482422,102.04000091552734,97.42484283447266,2713500,0.0,0.0,ICE,ICE
2022-09-02,103.0199966430664,103.5199966430664,100.83000183105467,101.27999877929688,96.69921875,2360700,0.0,0.0,ICE,ICE
2022-09-06,101.4000015258789,101.6999969482422,99.73999786376952,99.91000366210938,95.39118957519533,2560500,0.0,0.0,ICE,ICE
2022-09-07,99.72000122070312,102.43000030517578,99.72000122070312,102.3000030517578,97.67308807373048,2281700,0.0,0.0,ICE,ICE
2022-09-08,101.83000183105467,103.44000244140624,101.36000061035156,103.20999908447266,98.54193878173828,1902500,0.0,0.0,ICE,ICE
2022-09-09,103.43000030517578,103.9000015258789,102.75,103.4000015258789,98.72332763671876,2077000,0.0,0.0,ICE,ICE
2022-09-12,103.7699966430664,104.1500015258789,103.3499984741211,104.08999633789062,99.38211822509766,2075000,0.0,0.0,ICE,ICE
2022-09-13,102.0,102.13999938964844,99.68000030517578,99.86000061035156,95.34345245361328,2586200,0.0,0.0,ICE,ICE
2022-09-14,100.69000244140624,100.88999938964844,98.93000030517578,99.86000061035156,95.34345245361328,2443500,0.0,0.0,ICE,ICE
2022-09-15,99.2699966430664,100.16000366210938,98.1999969482422,98.38999938964844,94.29876708984376,1340800,0.38,0.0,ICE,ICE
2022-09-16,97.62000274658205,98.12000274658205,96.77999877929688,97.2699966430664,93.225341796875,3136800,0.0,0.0,ICE,ICE
2022-09-19,96.9000015258789,97.4800033569336,96.16000366210938,97.0199966430664,92.98572540283205,2252200,0.0,0.0,ICE,ICE
2022-09-20,96.3499984741211,96.62000274658205,93.77999877929688,94.8499984741211,90.90597534179688,3095500,0.0,0.0,ICE,ICE
2022-09-21,95.5199966430664,96.11000061035156,93.55999755859376,93.61000061035156,89.71753692626953,3828400,0.0,0.0,ICE,ICE
2022-09-22,93.45999908447266,94.5500030517578,92.97000122070312,94.05999755859376,90.14881896972656,2653600,0.0,0.0,ICE,ICE
2022-09-23,93.45999908447266,93.9499969482422,91.95999908447266,93.23999786376952,89.3629150390625,2980200,0.0,0.0,ICE,ICE
2022-09-26,92.86000061035156,93.0500030517578,91.5500030517578,91.58999633789062,87.7815170288086,4205000,0.0,0.0,ICE,ICE
2022-09-27,92.19000244140624,92.38999938964844,90.5,91.5,87.69525909423828,3650800,0.0,0.0,ICE,ICE
2022-09-28,91.76000213623048,93.27999877929688,90.94000244140624,93.0500030517578,89.18081665039062,3862200,0.0,0.0,ICE,ICE
2022-09-29,92.06999969482422,92.36000061035156,90.66999816894533,90.75,86.9764633178711,2430100,0.0,0.0,ICE,ICE
2022-09-30,90.58999633789062,92.56999969482422,90.31999969482422,90.3499984741211,86.59308624267578,3007700,0.0,0.0,ICE,ICE
2022-10-03,90.94000244140624,93.26000213623048,90.36000061035156,92.81999969482422,88.96038055419922,2187100,0.0,0.0,ICE,ICE
2022-10-04,93.7699966430664,94.87000274658205,93.44000244140624,94.16000366210938,90.24466705322266,3751000,0.0,0.0,ICE,ICE
2022-10-05,93.87999725341795,94.52999877929688,93.11000061035156,93.41000366210938,89.52584838867188,2246000,0.0,0.0,ICE,ICE
2022-10-06,93.11000061035156,93.87000274658205,92.79000091552734,93.3499984741211,89.46833801269531,3296300,0.0,0.0,ICE,ICE
2022-10-07,92.5199966430664,92.75,89.20999908447266,90.0199966430664,86.27680969238281,3887300,0.0,0.0,ICE,ICE
2022-10-10,90.33999633789062,90.69000244140624,89.58000183105469,90.26000213623048,86.50682830810547,2320900,0.0,0.0,ICE,ICE
2022-10-11,90.25,91.98999786376952,89.66000366210938,90.79000091552734,87.01478576660156,3677100,0.0,0.0,ICE,ICE
2022-10-12,90.54000091552734,91.79000091552734,90.30999755859376,90.61000061035156,86.84226989746094,2670400,0.0,0.0,ICE,ICE
2022-10-13,89.02999877929688,92.86000061035156,88.5999984741211,92.47000122070312,88.62493896484375,3026700,0.0,0.0,ICE,ICE
2022-10-14,93.25,94.48999786376952,89.91999816894531,90.1500015258789,86.40139770507812,2929700,0.0,0.0,ICE,ICE
2022-10-17,90.97000122070312,92.5999984741211,90.95999908447266,91.77999877929688,87.96363067626953,3045100,0.0,0.0,ICE,ICE
2022-10-18,94.18000030517578,94.4499969482422,91.98999786376952,92.70999908447266,88.85496520996094,2829900,0.0,0.0,ICE,ICE
2022-10-19,92.38999938964844,92.83999633789062,90.55999755859376,91.62999725341795,87.8198471069336,2198100,0.0,0.0,ICE,ICE
2022-10-20,91.83999633789062,92.1500015258789,90.16000366210938,90.33000183105467,86.57392120361328,2487800,0.0,0.0,ICE,ICE
2022-10-21,90.30999755859376,93.13999938964844,89.48999786376953,93.0500030517578,89.18081665039062,4954400,0.0,0.0,ICE,ICE
2022-10-24,93.7300033569336,94.62999725341795,92.97000122070312,93.23999786376952,89.3629150390625,2282000,0.0,0.0,ICE,ICE
2022-10-25,92.91000366210938,95.18000030517578,92.43000030517578,95.16000366210938,91.2030792236328,3096600,0.0,0.0,ICE,ICE
2022-10-26,95.16000366210938,95.98999786376952,93.8000030517578,93.88999938964844,89.98589324951172,2842400,0.0,0.0,ICE,ICE
2022-10-27,94.5199966430664,96.47000122070312,93.93000030517578,95.62999725341795,91.65354919433594,2611600,0.0,0.0,ICE,ICE
2022-10-28,95.4000015258789,96.81999969482422,95.0999984741211,96.68000030517578,92.65988159179688,1779500,0.0,0.0,ICE,ICE
2022-10-31,96.5999984741211,96.86000061035156,95.27999877929688,95.56999969482422,91.5960464477539,2007300,0.0,0.0,ICE,ICE
2022-11-01,96.5,96.69000244140624,93.9000015258789,94.0199966430664,90.1104965209961,5011300,0.0,0.0,ICE,ICE
2022-11-02,93.79000091552734,94.80999755859376,92.33000183105467,92.62999725341795,88.77827453613281,4570900,0.0,0.0,ICE,ICE
2022-11-03,92.61000061035156,97.37999725341795,92.26000213623048,95.47000122070312,91.50018310546876,3604500,0.0,0.0,ICE,ICE
2022-11-04,96.4800033569336,96.70999908447266,94.19000244140624,96.62000274658205,92.60237121582033,3173700,0.0,0.0,ICE,ICE
2022-11-07,97.69000244140624,97.79000091552734,96.61000061035156,97.5,93.4457778930664,2081700,0.0,0.0,ICE,ICE
2022-11-08,97.7300033569336,101.2300033569336,97.36000061035156,99.43000030517578,95.2955322265625,2934900,0.0,0.0,ICE,ICE
2022-11-09,99.36000061035156,99.51000213623048,97.08000183105467,97.26000213623048,93.21575927734376,1676800,0.0,0.0,ICE,ICE
2022-11-10,100.61000061035156,102.62999725341795,99.08000183105467,102.54000091552734,98.27620697021484,2863700,0.0,0.0,ICE,ICE
2022-11-11,103.0500030517578,104.63999938964844,102.0199966430664,104.31999969482422,99.98218536376952,2450600,0.0,0.0,ICE,ICE
2022-11-14,103.93000030517578,105.87000274658205,103.51000213623048,104.0999984741211,99.77133178710938,2817800,0.0,0.0,ICE,ICE
2022-11-15,105.2300033569336,106.22000122070312,103.56999969482422,105.0500030517578,100.6818389892578,2745400,0.0,0.0,ICE,ICE
2022-11-16,105.0500030517578,105.93000030517578,103.55999755859376,104.0199966430664,99.69465637207033,2261700,0.0,0.0,ICE,ICE
2022-11-17,103.58000183105467,104.58000183105467,102.4800033569336,104.0999984741211,99.77133178710938,2354200,0.0,0.0,ICE,ICE
2022-11-18,105.43000030517578,105.56999969482422,103.22000122070312,104.20999908447266,99.87676239013672,1590600,0.0,0.0,ICE,ICE
2022-11-21,103.9499969482422,106.31999969482422,103.11000061035156,105.3499984741211,100.9693603515625,1994700,0.0,0.0,ICE,ICE
2022-11-22,105.9499969482422,106.2699966430664,104.8000030517578,106.02999877929688,101.62108612060548,1518600,0.0,0.0,ICE,ICE
2022-11-23,105.9800033569336,107.6999969482422,105.41000366210938,106.94000244140624,102.49324035644533,1347000,0.0,0.0,ICE,ICE
2022-11-25,106.41000366210938,107.45999908447266,106.31999969482422,107.12000274658205,102.66576385498048,817700,0.0,0.0,ICE,ICE
2022-11-28,106.41999816894533,106.9499969482422,104.68000030517578,105.08000183105467,100.71058654785156,2261300,0.0,0.0,ICE,ICE
2022-11-29,104.93000030517578,106.30999755859376,104.79000091552734,105.33999633789062,100.9597625732422,1414100,0.0,0.0,ICE,ICE
2022-11-30,105.0999984741211,108.37999725341795,104.61000061035156,108.30999755859376,103.80628204345705,3504400,0.0,0.0,ICE,ICE
2022-12-01,108.88999938964844,109.97000122070312,108.27999877929688,109.52999877929688,104.97554779052734,1745100,0.0,0.0,ICE,ICE
2022-12-02,107.97000122070312,109.70999908447266,107.37000274658205,109.25,104.70718383789062,1171800,0.0,0.0,ICE,ICE
2022-12-05,108.87000274658205,109.2300033569336,106.6999969482422,107.08999633789062,102.6370086669922,1841600,0.0,0.0,ICE,ICE
2022-12-06,107.11000061035156,107.4800033569336,105.47000122070312,105.73999786376952,101.34313201904295,1871100,0.0,0.0,ICE,ICE
2022-12-07,105.02999877929688,105.95999908447266,103.23999786376952,103.52999877929688,99.22503662109376,3043800,0.0,0.0,ICE,ICE
2022-12-08,103.91000366210938,105.0,103.3499984741211,104.44000244140624,100.0972137451172,2133300,0.0,0.0,ICE,ICE
2022-12-09,104.0999984741211,104.72000122070312,103.2699966430664,103.33000183105467,99.03336334228516,2155200,0.0,0.0,ICE,ICE
2022-12-12,102.8499984741211,105.3000030517578,102.6500015258789,105.26000213623048,100.88309478759766,2226700,0.0,0.0,ICE,ICE
2022-12-13,108.25,108.37999725341795,105.69000244140624,106.37999725341795,101.95651245117188,2295000,0.0,0.0,ICE,ICE
2022-12-14,105.5500030517578,106.87000274658205,103.45999908447266,103.93000030517578,99.96549987792967,2237600,0.38,0.0,ICE,ICE
2022-12-15,102.62000274658205,103.13999938964844,101.33999633789062,102.22000122070312,98.32073974609376,2023900,0.0,0.0,ICE,ICE
2022-12-16,101.1500015258789,101.75,100.08999633789062,100.76000213623048,96.9164047241211,6124800,0.0,0.0,ICE,ICE
2022-12-19,100.83000183105467,101.5999984741211,99.58000183105467,100.27999877929688,96.45469665527344,1674100,0.0,0.0,ICE,ICE
2022-12-20,100.4499969482422,101.2300033569336,99.87000274658205,100.38999938964844,96.56053161621094,1639300,0.0,0.0,ICE,ICE
2022-12-21,100.83000183105467,102.83000183105467,100.80999755859376,102.5500030517578,98.6381378173828,2415700,0.0,0.0,ICE,ICE
2022-12-22,101.33000183105467,102.51000213623048,100.75,102.45999908447266,98.55156707763672,2160400,0.0,0.0,ICE,ICE
2022-12-23,102.5,103.22000122070312,102.1500015258789,102.80999755859376,98.88822174072266,1321200,0.0,0.0,ICE,ICE
2022-12-27,102.79000091552734,103.1500015258789,101.63999938964844,102.11000061035156,98.21491241455078,2693500,0.0,0.0,ICE,ICE
2022-12-28,102.80999755859376,103.5199966430664,102.22000122070312,102.2699966430664,98.36881256103516,1587300,0.0,0.0,ICE,ICE
2022-12-29,103.13999938964844,104.62000274658205,102.87000274658205,104.0999984741211,100.12901306152344,993800,0.0,0.0,ICE,ICE
2022-12-30,103.23999786376952,103.9000015258789,101.5,102.58999633789062,98.67660522460938,1175500,0.0,0.0,ICE,ICE
2023-01-03,103.62000274658205,104.47000122070312,102.41999816894533,103.2300033569336,99.29220581054688,1919700,0.0,0.0,ICE,ICE
2023-01-04,104.44000244140624,104.76000213623048,103.36000061035156,103.93000030517578,99.96549987792967,1527100,0.0,0.0,ICE,ICE
2023-01-05,102.9499969482422,103.66999816894533,102.37999725341795,102.58000183105467,98.66699981689452,1223500,0.0,0.0,ICE,ICE
2023-01-06,103.41000366210938,105.25,102.1500015258789,104.9000015258789,100.89849090576172,1594500,0.0,0.0,ICE,ICE
2023-01-09,105.27999877929688,106.55999755859376,104.8499984741211,105.23999786376952,101.22553253173828,3975500,0.0,0.0,ICE,ICE
2023-01-10,105.11000061035156,106.8499984741211,104.8499984741211,106.6500015258789,102.5817413330078,1468100,0.0,0.0,ICE,ICE
2023-01-11,107.2699966430664,109.06999969482422,106.88999938964844,108.69000244140624,104.54393005371094,2651600,0.0,0.0,ICE,ICE
2023-01-12,109.0,109.58999633789062,107.72000122070312,109.02999877929688,104.87094116210938,2816200,0.0,0.0,ICE,ICE
2023-01-13,108.08999633789062,108.26000213623048,106.37999725341795,107.62999725341795,103.52435302734376,1726300,0.0,0.0,ICE,ICE
2023-01-17,107.4499969482422,108.4000015258789,106.95999908447266,107.41000366210938,103.31275177001952,2424000,0.0,0.0,ICE,ICE
2023-01-18,107.6500015258789,108.86000061035156,107.25,107.66999816894533,103.56282806396484,2399800,0.0,0.0,ICE,ICE
2023-01-19,107.05999755859376,107.8000030517578,106.3000030517578,106.91999816894533,102.84143829345705,2182400,0.0,0.0,ICE,ICE
2023-01-20,107.0500030517578,108.56999969482422,106.5,108.4800033569336,104.34193420410156,1688900,0.0,0.0,ICE,ICE
2023-01-23,108.56999969482422,109.58000183105467,107.66000366210938,108.66999816894533,104.52468872070312,1964000,0.0,0.0,ICE,ICE
2023-01-24,108.8000030517578,108.8499984741211,105.79000091552734,106.25,102.19699096679688,2516200,0.0,0.0,ICE,ICE
2023-01-25,104.91999816894533,106.98999786376952,104.1999969482422,106.48999786376952,102.4278335571289,2384100,0.0,0.0,ICE,ICE
2023-01-26,106.93000030517578,108.27999877929688,106.3499984741211,108.19000244140624,104.06299591064452,1339900,0.0,0.0,ICE,ICE
2023-01-27,107.3499984741211,108.45999908447266,106.43000030517578,107.94000244140624,103.82254028320312,3466400,0.0,0.0,ICE,ICE
2023-01-30,107.26000213623048,108.16000366210938,106.55999755859376,106.66000366210938,102.59136199951172,1966300,0.0,0.0,ICE,ICE
2023-01-31,106.76000213623048,107.58999633789062,106.51000213623048,107.5500030517578,103.44740295410156,2150500,0.0,0.0,ICE,ICE
2023-02-01,106.81999969482422,109.55999755859376,106.77999877929688,109.01000213623048,104.85171508789062,2438300,0.0,0.0,ICE,ICE
2023-02-02,110.33999633789062,111.29000091552734,107.48999786376952,108.33000183105467,104.1976547241211,3469000,0.0,0.0,ICE,ICE
2023-02-03,107.33000183105467,108.6500015258789,106.30999755859376,107.66000366210938,103.55322265625,2314100,0.0,0.0,ICE,ICE
2023-02-06,106.52999877929688,108.58999633789062,105.61000061035156,108.31999969482422,104.18801879882812,2097400,0.0,0.0,ICE,ICE
2023-02-07,107.48999786376952,109.6500015258789,107.19000244140624,109.3499984741211,105.1787338256836,2043700,0.0,0.0,ICE,ICE
2023-02-08,108.48999786376952,109.87000274658205,108.3000030517578,109.25,105.08255004882812,2338300,0.0,0.0,ICE,ICE
2023-02-09,109.69000244140624,109.9000015258789,107.27999877929688,107.54000091552734,103.43778228759766,3564500,0.0,0.0,ICE,ICE
2023-02-10,107.13999938964844,108.88999938964844,106.9000015258789,108.70999908447266,104.56315612792967,1592900,0.0,0.0,ICE,ICE
2023-02-13,109.05999755859376,109.37000274658205,108.62999725341795,109.19000244140624,105.02484130859376,1572900,0.0,0.0,ICE,ICE
2023-02-14,109.06999969482422,110.0500030517578,107.77999877929688,108.4000015258789,104.26497650146484,1959400,0.0,0.0,ICE,ICE
2023-02-15,108.06999969482422,109.26000213623048,107.61000061035156,108.63999938964844,104.49583435058594,1429900,0.0,0.0,ICE,ICE
2023-02-16,107.33000183105467,108.23999786376952,106.9800033569336,107.12999725341795,103.04342651367188,2219900,0.0,0.0,ICE,ICE
2023-02-17,106.79000091552734,107.52999877929688,106.29000091552734,107.11000061035156,103.02418518066406,1700100,0.0,0.0,ICE,ICE
2023-02-21,106.1999969482422,106.5500030517578,103.52999877929688,104.16000366210938,100.18672943115234,2639800,0.0,0.0,ICE,ICE
2023-02-22,103.9000015258789,104.63999938964844,103.2300033569336,104.29000091552734,100.311767578125,2323800,0.0,0.0,ICE,ICE
2023-02-23,104.8000030517578,104.97000122070312,102.76000213623048,103.76000213623048,99.80196380615234,2729300,0.0,0.0,ICE,ICE
2023-02-24,102.83000183105467,103.12999725341795,101.5500030517578,102.51000213623048,98.59967041015624,2765700,0.0,0.0,ICE,ICE
2023-02-27,102.94000244140624,103.58999633789062,101.11000061035156,101.51000213623048,97.6378173828125,4052200,0.0,0.0,ICE,ICE
2023-02-28,101.31999969482422,102.41999816894533,100.87000274658205,101.8000030517578,97.916748046875,4180100,0.0,0.0,ICE,ICE
2023-03-01,101.70999908447266,102.12000274658205,100.62999725341795,100.9000015258789,97.05107879638672,2864200,0.0,0.0,ICE,ICE
2023-03-02,100.18000030517578,102.76000213623048,100.18000030517578,102.70999908447266,98.79202270507812,5821600,0.0,0.0,ICE,ICE
2023-03-03,102.87000274658205,102.87000274658205,101.93000030517578,102.4800033569336,98.57080841064452,2938200,0.0,0.0,ICE,ICE
2023-03-06,102.9000015258789,104.37000274658205,102.5500030517578,103.23999786376952,99.30181121826172,2383000,0.0,0.0,ICE,ICE
2023-03-07,104.27999877929688,106.12000274658205,102.75,102.95999908447266,99.03248596191406,4810300,0.0,0.0,ICE,ICE
2023-03-08,103.0,103.62999725341795,102.16999816894533,102.61000061035156,98.6958465576172,2651700,0.0,0.0,ICE,ICE
2023-03-09,102.6999969482422,102.83000183105467,99.5500030517578,100.0999984741211,96.28158569335938,3507900,0.0,0.0,ICE,ICE
2023-03-10,99.4000015258789,99.72000122070312,94.72000122070312,95.38999938964844,91.75125122070312,5375100,0.0,0.0,ICE,ICE
2023-03-13,94.4000015258789,98.18000030517578,94.16000366210938,97.66999816894533,93.9442901611328,5413900,0.0,0.0,ICE,ICE
2023-03-14,99.33000183105467,99.7699966430664,98.20999908447266,98.8499984741211,95.07926940917967,3523500,0.0,0.0,ICE,ICE
2023-03-15,96.9800033569336,98.55999755859376,96.7300033569336,97.5199966430664,93.80001068115234,4261300,0.0,0.0,ICE,ICE
2023-03-16,96.4800033569336,100.0,96.1999969482422,99.2300033569336,95.8576202392578,3963200,0.42,0.0,ICE,ICE
2023-03-17,98.79000091552734,99.55999755859376,96.43000030517578,97.0,93.70340728759766,6094000,0.0,0.0,ICE,ICE
2023-03-20,97.36000061035156,98.26000213623048,96.80999755859376,98.04000091552734,94.7080535888672,3112500,0.0,0.0,ICE,ICE
2023-03-21,99.3000030517578,100.08999633789062,98.87000274658205,99.72000122070312,96.33096313476562,2618300,0.0,0.0,ICE,ICE
2023-03-22,100.33999633789062,100.33999633789062,97.31999969482422,97.4000015258789,94.08981323242188,2157100,0.0,0.0,ICE,ICE
2023-03-23,97.36000061035156,97.6999969482422,95.66000366210938,96.52999877929688,93.24938201904295,3436000,0.0,0.0,ICE,ICE
2023-03-24,96.05999755859376,97.77999877929688,95.72000122070312,97.48999786376952,94.1767578125,1995200,0.0,0.0,ICE,ICE
2023-03-27,98.36000061035156,98.91999816894533,97.62000274658205,98.0500030517578,94.71772003173828,2229500,0.0,0.0,ICE,ICE
2023-03-28,98.58999633789062,99.31999969482422,98.41999816894533,99.0999984741211,95.7320327758789,1752600,0.0,0.0,ICE,ICE
2023-03-29,100.18000030517578,101.87000274658205,99.83999633789062,101.66999816894533,98.21470642089844,3677700,0.0,0.0,ICE,ICE
2023-03-30,102.54000091552734,103.02999877929688,101.83000183105467,102.7300033569336,99.23867797851562,2908900,0.0,0.0,ICE,ICE
2023-03-31,103.5,104.37999725341795,103.3000030517578,104.29000091552734,100.74566650390624,3192300,0.0,0.0,ICE,ICE
2023-04-03,104.4800033569336,105.48999786376952,104.08999633789062,105.41999816894533,101.83724212646484,2661400,0.0,0.0,ICE,ICE
2023-04-04,105.8499984741211,106.77999877929688,105.12999725341795,106.04000091552734,102.4361801147461,3159700,0.0,0.0,ICE,ICE
2023-04-05,106.45999908447266,107.19000244140624,105.47000122070312,106.22000122070312,102.6100616455078,2964600,0.0,0.0,ICE,ICE
2023-04-06,106.30999755859376,108.31999969482422,106.23999786376952,108.25,104.57106018066406,3104300,0.0,0.0,ICE,ICE
2023-04-10,107.52999877929688,107.76000213623048,105.73999786376952,106.37999725341795,102.76461791992188,1780900,0.0,0.0,ICE,ICE
2023-04-11,106.52999877929688,107.18000030517578,105.88999938964844,106.12999725341795,102.52311706542967,2512300,0.0,0.0,ICE,ICE
2023-04-12,106.91000366210938,107.6500015258789,106.52999877929688,107.08999633789062,103.4504852294922,2256500,0.0,0.0,ICE,ICE
2023-04-13,107.12999725341795,107.95999908447266,106.77999877929688,107.51000213623048,103.8562240600586,1734300,0.0,0.0,ICE,ICE
2023-04-14,107.6999969482422,107.88999938964844,106.7300033569336,107.51000213623048,103.8562240600586,2051200,0.0,0.0,ICE,ICE
2023-04-17,107.33000183105467,107.98999786376952,107.02999877929688,107.98999786376952,104.31990814208984,2216500,0.0,0.0,ICE,ICE
2023-04-18,107.94000244140624,108.20999908447266,107.4499969482422,107.48999786376952,103.8368911743164,1923100,0.0,0.0,ICE,ICE
2023-04-19,107.33999633789062,109.0999984741211,107.33999633789062,108.33999633789062,104.65801239013672,1580800,0.0,0.0,ICE,ICE
2023-04-20,108.0199966430664,108.41999816894533,107.18000030517578,107.76000213623048,104.09772491455078,1502800,0.0,0.0,ICE,ICE
2023-04-21,107.93000030517578,108.48999786376952,107.08000183105467,108.3499984741211,104.66766357421876,1667000,0.0,0.0,ICE,ICE
2023-04-24,108.80999755859376,108.93000030517578,107.63999938964844,107.93000030517578,104.26194763183594,1355600,0.0,0.0,ICE,ICE
2023-04-25,107.5,107.52999877929688,106.0500030517578,106.33999633789062,102.72599792480467,1859900,0.0,0.0,ICE,ICE
2023-04-26,105.45999908447266,105.75,103.97000122070312,104.61000061035156,101.05477905273438,3437700,0.0,0.0,ICE,ICE
2023-04-27,105.31999969482422,107.51000213623048,104.87999725341795,107.41999816894533,103.76927947998048,2007800,0.0,0.0,ICE,ICE
2023-04-28,107.3000030517578,108.9499969482422,107.19000244140624,108.93000030517578,105.22797393798828,2179500,0.0,0.0,ICE,ICE
2023-05-01,108.77999877929688,109.19000244140624,108.12999725341795,108.62000274658205,104.92849731445312,1616200,0.0,0.0,ICE,ICE
2023-05-02,108.38999938964844,108.61000061035156,105.69000244140624,107.11000061035156,103.46981048583984,2163500,0.0,0.0,ICE,ICE
2023-05-03,107.2699966430664,107.3499984741211,104.79000091552734,104.83000183105467,101.26730346679688,2684400,0.0,0.0,ICE,ICE
2023-05-04,104.5,107.48999786376952,104.26000213623048,106.75,103.12205505371094,3122100,0.0,0.0,ICE,ICE
2023-05-05,107.2300033569336,108.5199966430664,106.72000122070312,108.30999755859376,104.62903594970705,2010300,0.0,0.0,ICE,ICE
2023-05-08,108.4000015258789,108.4000015258789,107.16000366210938,107.22000122070312,103.57608032226562,1594000,0.0,0.0,ICE,ICE
2023-05-09,106.80999755859376,107.01000213623048,106.05999755859376,106.20999908447266,102.60041046142578,1975700,0.0,0.0,ICE,ICE
2023-05-10,106.79000091552734,108.87999725341795,106.5500030517578,108.48999786376952,104.80291748046876,1748200,0.0,0.0,ICE,ICE
2023-05-11,108.37999725341795,108.4800033569336,107.41000366210938,108.20999908447266,104.53244018554688,1320100,0.0,0.0,ICE,ICE
2023-05-12,108.37999725341795,108.9800033569336,108.0,108.58999633789062,104.8995132446289,1621000,0.0,0.0,ICE,ICE
2023-05-15,109.02999877929688,109.93000030517578,108.88999938964844,109.86000061035156,106.12635040283205,2170600,0.0,0.0,ICE,ICE
2023-05-16,109.81999969482422,110.16000366210938,108.9499969482422,109.0,105.29557037353516,2292900,0.0,0.0,ICE,ICE
2023-05-17,109.47000122070312,109.6500015258789,107.25,108.5999984741211,104.90917205810548,3467800,0.0,0.0,ICE,ICE
2023-05-18,108.91000366210938,108.98999786376952,107.48999786376952,108.5500030517578,104.86087036132812,2166700,0.0,0.0,ICE,ICE
2023-05-19,108.97000122070312,109.16999816894533,107.94000244140624,108.02999877929688,104.3585433959961,3565600,0.0,0.0,ICE,ICE
2023-05-22,108.45999908447266,109.51000213623048,108.16999816894533,109.18000030517578,105.46946716308594,1736700,0.0,0.0,ICE,ICE
2023-05-23,108.4800033569336,108.87000274658205,107.25,107.88999938964844,104.22330474853516,2321100,0.0,0.0,ICE,ICE
2023-05-24,107.4000015258789,107.58999633789062,106.25,106.58000183105467,102.95783233642578,1457600,0.0,0.0,ICE,ICE
2023-05-25,106.38999938964844,106.38999938964844,104.47000122070312,105.11000061035156,101.5377960205078,2835900,0.0,0.0,ICE,ICE
2023-05-26,105.04000091552734,105.79000091552734,104.62000274658205,105.16000366210938,101.58609771728516,1516200,0.0,0.0,ICE,ICE
2023-05-30,105.5199966430664,105.61000061035156,103.80999755859376,104.4000015258789,100.85192108154295,1541200,0.0,0.0,ICE,ICE
2023-05-31,104.04000091552734,106.5,103.87000274658205,105.9499969482422,102.34922790527344,4457000,0.0,0.0,ICE,ICE
2023-06-01,106.0999984741211,106.51000213623048,105.25,106.37000274658205,102.75497436523438,1966400,0.0,0.0,ICE,ICE
2023-06-02,106.98999786376952,109.0,106.51000213623048,107.9800033569336,104.3102569580078,2296900,0.0,0.0,ICE,ICE
2023-06-05,108.4499969482422,109.02999877929688,107.5199966430664,108.31999969482422,104.6386947631836,2181100,0.0,0.0,ICE,ICE
2023-06-06,108.5,109.20999908447266,107.86000061035156,108.44000244140624,104.7546157836914,2655100,0.0,0.0,ICE,ICE
2023-06-07,108.37999725341795,108.80999755859376,107.73999786376952,108.31999969482422,104.6386947631836,2296100,0.0,0.0,ICE,ICE
2023-06-08,108.31999969482422,110.80999755859376,108.1500015258789,110.5999984741211,106.8412094116211,2463200,0.0,0.0,ICE,ICE
2023-06-09,110.5199966430664,110.6999969482422,109.75,109.95999908447266,106.22295379638672,2075700,0.0,0.0,ICE,ICE
2023-06-12,109.69000244140624,109.86000061035156,107.54000091552734,108.5,104.81256866455078,2904200,0.0,0.0,ICE,ICE
2023-06-13,108.61000061035156,109.54000091552734,108.26000213623048,108.98999786376952,105.28592681884766,1755500,0.0,0.0,ICE,ICE
2023-06-14,108.76000213623048,110.83999633789062,108.5199966430664,110.66999816894533,107.32240295410156,2096800,0.42,0.0,ICE,ICE
2023-06-15,110.87000274658205,113.1500015258789,110.75,112.37999725341795,108.9806671142578,2220700,0.0,0.0,ICE,ICE
2023-06-16,112.81999969482422,113.06999969482422,111.4000015258789,111.68000030517578,108.30184936523438,3806200,0.0,0.0,ICE,ICE
2023-06-20,111.20999908447266,112.4800033569336,110.9000015258789,112.16999816894533,108.77702331542967,3489800,0.0,0.0,ICE,ICE
2023-06-21,112.0999984741211,112.0999984741211,110.77999877929688,111.1999969482422,107.83635711669922,1885300,0.0,0.0,ICE,ICE
2023-06-22,111.0199966430664,111.08000183105467,110.19000244140624,110.68000030517578,107.33209991455078,1427400,0.0,0.0,ICE,ICE
2023-06-23,110.5,111.31999969482422,109.91999816894533,111.08999633789062,107.7296905517578,2727900,0.0,0.0,ICE,ICE
2023-06-26,110.97000122070312,111.0999984741211,109.77999877929688,110.12999725341795,106.7987289428711,2640000,0.0,0.0,ICE,ICE
2023-06-27,110.56999969482422,111.0,110.0,110.87000274658205,107.51634216308594,1708500,0.0,0.0,ICE,ICE
2023-06-28,111.02999877929688,111.87000274658205,110.52999877929688,111.72000122070312,108.34062957763672,1774500,0.0,0.0,ICE,ICE
2023-06-29,111.68000030517578,112.31999969482422,111.16999816894533,112.27999877929688,108.88369750976562,1725200,0.0,0.0,ICE,ICE
2023-06-30,113.1500015258789,114.11000061035156,112.86000061035156,113.08000183105467,109.65950012207033,3124900,0.0,0.0,ICE,ICE
2023-07-03,112.5199966430664,112.93000030517578,111.41000366210938,112.93000030517578,109.51404571533205,1484300,0.0,0.0,ICE,ICE
2023-07-05,112.30999755859376,112.86000061035156,111.51000213623048,112.30999755859376,108.91278839111328,2227900,0.0,0.0,ICE,ICE
2023-07-06,111.68000030517578,112.91000366210938,111.66999816894533,112.0,108.61217498779295,2989200,0.0,0.0,ICE,ICE
2023-07-07,112.02999877929688,112.9000015258789,111.43000030517578,112.29000091552734,108.89340209960938,1642700,0.0,0.0,ICE,ICE
2023-07-10,112.5999984741211,113.5999984741211,112.41000366210938,113.16000366210938,109.7370834350586,1249000,0.0,0.0,ICE,ICE
2023-07-11,113.30999755859376,114.48999786376952,113.0199966430664,114.41000366210938,110.94928741455078,2355300,0.0,0.0,ICE,ICE
2023-07-12,115.54000091552734,115.94000244140624,114.79000091552734,115.37999725341795,111.88992309570312,1980700,0.0,0.0,ICE,ICE
2023-07-13,115.69000244140624,117.18000030517578,115.51000213623048,117.04000091552734,113.49971771240234,1996900,0.0,0.0,ICE,ICE
2023-07-14,116.97000122070312,117.8499984741211,116.27999877929688,117.51000213623048,113.95550537109376,2115700,0.0,0.0,ICE,ICE
2023-07-17,116.7300033569336,117.72000122070312,113.76000213623048,116.63999938964844,113.11180877685548,2818700,0.0,0.0,ICE,ICE
2023-07-18,116.1500015258789,117.04000091552734,115.87999725341795,116.06999969482422,112.5590591430664,2600200,0.0,0.0,ICE,ICE
2023-07-19,116.0,117.18000030517578,115.5500030517578,115.66000366210938,112.16146087646484,3044700,0.0,0.0,ICE,ICE
2023-07-20,115.6500015258789,115.98999786376952,114.9800033569336,115.62999725341795,112.1323699951172,1986500,0.0,0.0,ICE,ICE
2023-07-21,116.0500030517578,116.38999938964844,115.4800033569336,116.22000122070312,112.70452117919922,1608300,0.0,0.0,ICE,ICE
2023-07-24,116.5,116.76000213623048,115.61000061035156,116.27999877929688,112.76270294189452,3312500,0.0,0.0,ICE,ICE
2023-07-25,115.6500015258789,116.7300033569336,115.1999969482422,116.54000091552734,113.01483917236328,1850100,0.0,0.0,ICE,ICE
2023-07-26,116.2300033569336,116.8000030517578,115.33000183105467,116.7300033569336,113.19908905029295,1616900,0.0,0.0,ICE,ICE
2023-07-27,117.0,117.2300033569336,114.81999969482422,114.93000030517578,111.45353698730467,2237700,0.0,0.0,ICE,ICE
2023-07-28,115.68000030517578,116.23999786376952,114.66999816894533,115.12999725341795,111.6474838256836,1630500,0.0,0.0,ICE,ICE
2023-07-31,115.16999816894533,115.20999908447266,114.33999633789062,114.8000030517578,111.32746887207033,1939000,0.0,0.0,ICE,ICE
2023-08-01,114.02999877929688,115.22000122070312,113.77999877929688,115.04000091552734,111.56021881103516,1995400,0.0,0.0,ICE,ICE
2023-08-02,115.0,115.22000122070312,114.1999969482422,115.0,111.52142333984376,2017500,0.0,0.0,ICE,ICE
2023-08-03,110.0,112.23999786376952,107.30999755859376,112.06999969482422,108.6800537109375,5017100,0.0,0.0,ICE,ICE
2023-08-04,113.33000183105467,116.5,112.93000030517578,114.0,110.55166625976562,2743100,0.0,0.0,ICE,ICE
2023-08-07,114.16999816894533,116.08000183105467,114.04000091552734,116.06999969482422,112.5590591430664,3191000,0.0,0.0,ICE,ICE
2023-08-08,116.19000244140624,116.27999877929688,114.2300033569336,114.87000274658205,111.39534759521484,1966900,0.0,0.0,ICE,ICE
2023-08-09,113.51000213623048,115.41000366210938,113.4499969482422,114.1999969482422,110.7456283569336,1465900,0.0,0.0,ICE,ICE
2023-08-10,114.6500015258789,115.6999969482422,114.51000213623048,114.8000030517578,111.32746887207033,1778200,0.0,0.0,ICE,ICE
2023-08-11,114.7300033569336,114.8499984741211,113.6500015258789,113.98999786376952,110.54197692871094,1484700,0.0,0.0,ICE,ICE
2023-08-14,113.91999816894533,115.01000213623048,113.63999938964844,114.91999816894533,111.44383239746094,1546700,0.0,0.0,ICE,ICE
2023-08-15,114.36000061035156,115.19000244140624,113.81999969482422,114.11000061035156,110.6583480834961,1491100,0.0,0.0,ICE,ICE
2023-08-16,113.97000122070312,114.81999969482422,113.51000213623048,113.97000122070312,110.52257537841795,1565600,0.0,0.0,ICE,ICE
2023-08-17,114.30999755859376,114.8000030517578,113.20999908447266,113.61000061035156,110.17346954345705,1518600,0.0,0.0,ICE,ICE
2023-08-18,112.8000030517578,114.0,112.6999969482422,113.75,110.30923461914062,3858700,0.0,0.0,ICE,ICE
2023-08-21,113.55999755859376,114.0999984741211,113.0999984741211,113.86000061035156,110.41590881347656,2339800,0.0,0.0,ICE,ICE
2023-08-22,113.9800033569336,114.05999755859376,112.93000030517578,113.25,109.82434844970705,2877600,0.0,0.0,ICE,ICE
2023-08-23,113.98999786376952,115.1500015258789,113.13999938964844,114.83000183105467,111.35657501220705,1788000,0.0,0.0,ICE,ICE
2023-08-24,114.83999633789062,116.19000244140624,114.77999877929688,115.26000213623048,111.7735595703125,1618800,0.0,0.0,ICE,ICE
2023-08-25,115.62999725341795,116.3499984741211,114.83999633789062,115.8000030517578,112.29722595214844,1500100,0.0,0.0,ICE,ICE
2023-08-28,116.3000030517578,117.58999633789062,116.05999755859376,117.5,113.94580078125,1831900,0.0,0.0,ICE,ICE
2023-08-29,117.58000183105467,118.62999725341795,117.3000030517578,118.56999969482422,114.98343658447266,2433800,0.0,0.0,ICE,ICE
2023-08-30,118.63999938964844,118.79000091552734,117.70999908447266,117.9000015258789,114.33370208740234,2801600,0.0,0.0,ICE,ICE
2023-08-31,118.12000274658205,118.31999969482422,117.66000366210938,117.98999786376952,114.42098999023438,2713300,0.0,0.0,ICE,ICE
2023-09-01,118.69000244140624,118.69000244140624,116.43000030517578,117.01000213623048,113.47061920166016,5990800,0.0,0.0,ICE,ICE
2023-09-05,115.80999755859376,116.01000213623048,114.48999786376952,114.63999938964844,111.17232513427734,4402000,0.0,0.0,ICE,ICE
2023-09-06,114.86000061035156,115.0,112.31999969482422,113.61000061035156,110.17346954345705,3594200,0.0,0.0,ICE,ICE
2023-09-07,113.48999786376952,115.48999786376952,112.9800033569336,115.2300033569336,111.74447631835938,2622800,0.0,0.0,ICE,ICE
2023-09-08,115.43000030517578,115.4800033569336,114.52999877929688,114.95999908447266,111.48262786865234,2177700,0.0,0.0,ICE,ICE
2023-09-11,115.43000030517578,115.43000030517578,114.4499969482422,115.02999877929688,111.5505142211914,1704000,0.0,0.0,ICE,ICE
2023-09-12,114.91999816894533,116.20999908447266,114.75,115.98999786376952,112.48147583007812,2367300,0.0,0.0,ICE,ICE
2023-09-13,115.72000122070312,116.95999908447266,115.11000061035156,116.7699966430664,113.23787689208984,3258200,0.0,0.0,ICE,ICE
2023-09-14,117.13999938964844,117.13999938964844,115.77999877929688,116.9000015258789,113.77318572998048,1828400,0.42,0.0,ICE,ICE
2023-09-15,116.16999816894533,117.06999969482422,115.38999938964844,115.72000122070312,112.6247329711914,3817900,0.0,0.0,ICE,ICE
2023-09-18,115.4499969482422,116.22000122070312,115.37000274658205,115.88999938964844,112.7901840209961,1593300,0.0,0.0,ICE,ICE
2023-09-19,116.08000183105467,116.33999633789062,115.41999816894533,115.47000122070312,112.38142395019533,2091500,0.0,0.0,ICE,ICE
2023-09-20,115.88999938964844,116.4499969482422,115.13999938964844,115.3499984741211,112.26463317871094,1621200,0.0,0.0,ICE,ICE
2023-09-21,114.8000030517578,114.98999786376952,112.37000274658205,112.41999816894533,109.41300964355467,2362200,0.0,0.0,ICE,ICE
2023-09-22,111.83999633789062,112.41999816894533,110.05999755859376,110.16999816894533,107.22318267822266,2268500,0.0,0.0,ICE,ICE
2023-09-25,109.87999725341795,110.08999633789062,109.01000213623048,109.18000030517578,106.2596664428711,2569300,0.0,0.0,ICE,ICE
2023-09-26,108.41999816894533,108.52999877929688,107.16000366210938,107.2300033569336,104.3618392944336,3731600,0.0,0.0,ICE,ICE
2023-09-27,107.79000091552734,108.61000061035156,107.23999786376952,108.2699966430664,105.3740005493164,3876400,0.0,0.0,ICE,ICE
2023-09-28,108.72000122070312,111.31999969482422,108.68000030517578,110.81999969482422,107.85580444335938,3271100,0.0,0.0,ICE,ICE
2023-09-29,111.33999633789062,111.44000244140624,109.26000213623048,110.0199966430664,107.0771942138672,2960800,0.0,0.0,ICE,ICE
2023-10-02,109.41999816894533,109.79000091552734,108.20999908447266,109.22000122070312,106.2986068725586,2320400,0.0,0.0,ICE,ICE
2023-10-03,108.98999786376952,109.2699966430664,107.0199966430664,107.58999633789062,104.71219635009766,2786400,0.0,0.0,ICE,ICE
2023-10-04,108.02999877929688,109.11000061035156,107.0199966430664,109.02999877929688,106.1136703491211,2750300,0.0,0.0,ICE,ICE
2023-10-05,108.72000122070312,109.80999755859376,108.51000213623048,109.69000244140624,106.75603485107422,1368700,0.0,0.0,ICE,ICE
2023-10-06,109.3499984741211,111.37000274658205,108.6999969482422,110.87999725341795,107.91419982910156,2078600,0.0,0.0,ICE,ICE
2023-10-09,110.4800033569336,112.41000366210938,110.44000244140624,112.12999725341795,109.13075256347656,2442800,0.0,0.0,ICE,ICE
2023-10-10,111.94000244140624,112.58000183105467,111.1999969482422,111.76000213623048,108.7706527709961,1425300,0.0,0.0,ICE,ICE
2023-10-11,112.18000030517578,112.48999786376952,110.83999633789062,111.4499969482422,108.4689483642578,1302200,0.0,0.0,ICE,ICE
2023-10-12,112.04000091552734,112.11000061035156,110.16000366210938,110.7699966430664,107.80713653564452,1794200,0.0,0.0,ICE,ICE
2023-10-13,110.8499984741211,111.44000244140624,109.73999786376952,110.43000030517578,107.47623443603516,1512400,0.0,0.0,ICE,ICE
2023-10-16,111.12999725341795,112.12000274658205,110.73999786376952,111.91999816894533,108.9263687133789,1556600,0.0,0.0,ICE,ICE
2023-10-17,111.5500030517578,112.7699966430664,111.0999984741211,111.76000213623048,108.7706527709961,3162300,0.0,0.0,ICE,ICE
2023-10-18,111.56999969482422,112.37999725341795,109.44000244140624,109.63999938964844,106.7073745727539,3336700,0.0,0.0,ICE,ICE
2023-10-19,109.33999633789062,110.41999816894533,108.9499969482422,109.56999969482422,106.63922119140624,2693900,0.0,0.0,ICE,ICE
2023-10-20,110.02999877929688,110.0500030517578,107.97000122070312,108.0199966430664,105.13069152832033,1952000,0.0,0.0,ICE,ICE
2023-10-23,107.52999877929688,108.66999816894533,107.4499969482422,107.70999908447266,104.8289794921875,2627700,0.0,0.0,ICE,ICE
2023-10-24,108.0,109.12000274658205,106.6999969482422,106.93000030517578,104.06985473632812,2784900,0.0,0.0,ICE,ICE
2023-10-25,106.66000366210938,107.0500030517578,105.68000030517578,106.7300033569336,103.8751983642578,3103700,0.0,0.0,ICE,ICE
2023-10-26,106.01000213623048,108.02999877929688,105.77999877929688,107.29000091552734,104.42022705078124,2725500,0.0,0.0,ICE,ICE
2023-10-27,107.2300033569336,107.58000183105467,104.48999786376952,104.72000122070312,101.9189682006836,2508700,0.0,0.0,ICE,ICE
2023-10-30,105.3000030517578,106.44000244140624,105.04000091552734,106.02999877929688,103.19392395019533,1413700,0.0,0.0,ICE,ICE
2023-10-31,106.23999786376952,107.54000091552734,105.95999908447266,107.44000244140624,104.5662078857422,2401500,0.0,0.0,ICE,ICE
2023-11-01,107.6999969482422,108.87000274658205,107.62000274658205,108.25,105.3545379638672,2643200,0.0,0.0,ICE,ICE
2023-11-02,106.88999938964844,108.36000061035156,104.91000366210938,106.26000213623048,103.41778564453124,5667100,0.0,0.0,ICE,ICE
2023-11-03,106.5500030517578,108.55999755859376,106.43000030517578,107.91000366210938,105.0236358642578,3156400,0.0,0.0,ICE,ICE
2023-11-06,108.0,108.4499969482422,107.4000015258789,107.79000091552734,104.9068374633789,1702000,0.0,0.0,ICE,ICE
2023-11-07,108.11000061035156,108.58000183105467,107.79000091552734,108.22000122070312,105.32534790039062,2296500,0.0,0.0,ICE,ICE
2023-11-08,108.30999755859376,109.36000061035156,107.76000213623048,109.16999816894533,106.24992370605467,2686600,0.0,0.0,ICE,ICE
2023-11-09,109.66000366210938,109.7300033569336,108.44000244140624,108.5500030517578,105.64651489257812,2220600,0.0,0.0,ICE,ICE
2023-11-10,109.16999816894533,110.05999755859376,108.55999755859376,109.77999877929688,106.84362030029295,2422700,0.0,0.0,ICE,ICE
2023-11-13,109.4000015258789,109.52999877929688,108.62000274658205,108.66000366210938,105.75357818603516,1562800,0.0,0.0,ICE,ICE
2023-11-14,109.0,111.63999938964844,108.94000244140624,110.4499969482422,107.49568939208984,2359800,0.0,0.0,ICE,ICE
2023-11-15,110.2300033569336,111.30999755859376,110.11000061035156,111.0500030517578,108.07965087890624,2130300,0.0,0.0,ICE,ICE
2023-11-16,111.83000183105467,112.41999816894533,111.52999877929688,112.2699966430664,109.26701354980467,2430900,0.0,0.0,ICE,ICE
2023-11-17,112.6500015258789,112.6500015258789,111.30999755859376,111.4000015258789,108.42029571533205,1785500,0.0,0.0,ICE,ICE
2023-11-20,111.16999816894533,112.36000061035156,110.63999938964844,112.1500015258789,109.15023803710938,1749400,0.0,0.0,ICE,ICE
2023-11-21,112.37999725341795,113.81999969482422,112.23999786376952,113.4499969482422,110.41545867919922,2050300,0.0,0.0,ICE,ICE
2023-11-22,113.93000030517578,114.91000366210938,113.6500015258789,114.31999969482422,111.26217651367188,2481500,0.0,0.0,ICE,ICE
2023-11-24,114.45999908447266,114.76000213623048,113.7699966430664,114.38999938964844,111.33030700683594,809500,0.0,0.0,ICE,ICE
2023-11-27,114.22000122070312,114.30999755859376,112.98999786376952,113.13999938964844,110.11373901367188,2240800,0.0,0.0,ICE,ICE
2023-11-28,112.95999908447266,113.91000366210938,112.68000030517578,112.77999877929688,109.7633819580078,3058500,0.0,0.0,ICE,ICE
2023-11-29,113.8000030517578,113.8000030517578,112.5500030517578,112.69000244140624,109.67578125,2376900,0.0,0.0,ICE,ICE
2023-11-30,112.8499984741211,113.91000366210938,112.68000030517578,113.83999633789062,110.79501342773438,6601300,0.0,0.0,ICE,ICE
2023-12-01,113.1999969482422,114.2699966430664,112.72000122070312,114.23999786376952,111.18431854248048,3492100,0.0,0.0,ICE,ICE
2023-12-04,113.91000366210938,115.2699966430664,113.80999755859376,115.02999877929688,111.95319366455078,3818200,0.0,0.0,ICE,ICE
2023-12-05,114.70999908447266,114.86000061035156,113.63999938964844,114.08000183105467,111.0286102294922,2821400,0.0,0.0,ICE,ICE
2023-12-06,114.30999755859376,114.66000366210938,112.55999755859376,113.08000183105467,110.05534362792967,2217600,0.0,0.0,ICE,ICE
2023-12-07,113.31999969482422,113.63999938964844,111.81999969482422,112.52999877929688,109.52007293701172,2880100,0.0,0.0,ICE,ICE
2023-12-08,112.33999633789062,113.44000244140624,112.1999969482422,113.33999633789062,110.3083953857422,2505800,0.0,0.0,ICE,ICE
2023-12-11,113.91999816894533,116.7300033569336,113.87000274658205,116.13999938964844,113.03348541259766,3433100,0.0,0.0,ICE,ICE
2023-12-12,116.45999908447266,118.05999755859376,116.20999908447266,117.93000030517578,114.77562713623048,4207900,0.0,0.0,ICE,ICE
2023-12-13,117.80999755859376,121.7300033569336,117.48999786376952,121.54000091552734,118.71185302734376,4580000,0.42,0.0,ICE,ICE
2023-12-14,122.72000122070312,125.0199966430664,122.41999816894533,123.33000183105467,120.46019744873048,5157100,0.0,0.0,ICE,ICE
2023-12-15,122.9800033569336,123.4000015258789,121.55999755859376,123.0999984741211,120.23554229736328,4795600,0.0,0.0,ICE,ICE
2023-12-18,123.19000244140624,123.8499984741211,122.41999816894533,123.55999755859376,120.6848373413086,1999400,0.0,0.0,ICE,ICE
2023-12-19,123.55999755859376,123.95999908447266,123.06999969482422,123.7699966430664,120.88995361328124,1785000,0.0,0.0,ICE,ICE
2023-12-20,123.56999969482422,124.0500030517578,122.30999755859376,122.36000061035156,119.51277923583984,2350500,0.0,0.0,ICE,ICE
2023-12-21,122.72000122070312,124.33000183105467,122.6500015258789,124.2300033569336,121.3392562866211,1895400,0.0,0.0,ICE,ICE
2023-12-22,124.91000366210938,125.91000366210938,124.3000030517578,125.72000122070312,122.79458618164062,2237000,0.0,0.0,ICE,ICE
2023-12-26,125.75,126.9000015258789,125.75,126.6500015258789,123.70294189453124,2032000,0.0,0.0,ICE,ICE
2023-12-27,126.83000183105467,127.83999633789062,126.41999816894533,127.79000091552734,124.81642150878906,2202000,0.0,0.0,ICE,ICE
2023-12-28,127.87999725341795,128.74000549316406,127.83999633789062,128.60000610351562,125.60758209228516,2895700,0.0,0.0,ICE,ICE
2023-12-29,128.6199951171875,129.16000366210938,127.66999816894533,128.42999267578125,125.44151306152344,2966400,0.0,0.0,ICE,ICE
2024-01-02,128.02000427246094,128.4199981689453,125.6999969482422,126.4499969482422,123.50759887695312,2228000,0.0,0.0,ICE,ICE
2024-01-03,126.05999755859376,126.27999877929688,124.79000091552734,124.80999755859376,121.90575408935548,3102100,0.0,0.0,ICE,ICE
2024-01-04,124.8499984741211,126.51000213623048,124.36000061035156,125.62000274658205,122.69691467285156,2845500,0.0,0.0,ICE,ICE
2024-01-05,125.7699966430664,126.2300033569336,125.06999969482422,125.79000091552734,122.86295318603516,2061500,0.0,0.0,ICE,ICE
2024-01-08,127.16000366210938,128.5,126.9499969482422,128.41000366210938,125.42198944091795,3165500,0.0,0.0,ICE,ICE
2024-01-09,127.70999908447266,128.5,126.72000122070312,127.04000091552734,124.0838623046875,1835600,0.0,0.0,ICE,ICE
2024-01-10,127.22000122070312,127.69000244140624,126.18000030517578,127.6500015258789,124.67967987060548,1977000,0.0,0.0,ICE,ICE
2024-01-11,127.8000030517578,128.16000366210938,126.16999816894533,126.7699966430664,123.82014465332033,1723300,0.0,0.0,ICE,ICE
2024-01-12,127.30999755859376,127.88999938964844,126.63999938964844,126.95999908447266,124.00572204589844,1555000,0.0,0.0,ICE,ICE
2024-01-16,126.47000122070312,126.83999633789062,125.8499984741211,126.02999877929688,123.0973663330078,2289100,0.0,0.0,ICE,ICE
2024-01-17,125.12999725341795,126.27999877929688,124.6500015258789,125.83000183105467,122.90202331542967,1535700,0.0,0.0,ICE,ICE
2024-01-18,125.7699966430664,126.76000213623048,125.38999938964844,126.62999725341795,123.68340301513672,2267300,0.0,0.0,ICE,ICE
2024-01-19,127.08999633789062,127.30999755859376,125.69000244140624,126.4499969482422,123.50759887695312,3047200,0.0,0.0,ICE,ICE
2024-01-22,126.8000030517578,127.79000091552734,126.72000122070312,127.3000030517578,124.33782196044922,1904600,0.0,0.0,ICE,ICE
2024-01-23,127.12999725341795,127.6999969482422,126.7699966430664,127.13999938964844,124.18153381347656,1543400,0.0,0.0,ICE,ICE
2024-01-24,127.58000183105467,127.58000183105467,126.3499984741211,127.04000091552734,124.0838623046875,2278600,0.0,0.0,ICE,ICE
2024-01-25,127.48999786376952,127.72000122070312,126.23999786376952,127.29000091552734,124.32805633544922,2043500,0.0,0.0,ICE,ICE
2024-01-26,127.08999633789062,127.63999938964844,126.3499984741211,127.26000213623048,124.29874420166016,1497800,0.0,0.0,ICE,ICE
2024-01-29,127.19000244140624,128.1999969482422,126.83999633789062,128.17999267578125,125.19732666015624,1934300,0.0,0.0,ICE,ICE
2024-01-30,128.22000122070312,129.39999389648438,128.02000427246094,129.02000427246094,126.01779174804688,1646900,0.0,0.0,ICE,ICE
2024-01-31,129.35000610351562,129.92999267578125,127.0,127.33000183105467,124.36711120605467,2406400,0.0,0.0,ICE,ICE
2024-02-01,127.06999969482422,129.86000061035156,127.06999969482422,129.72999572753906,126.71127319335938,2380800,0.0,0.0,ICE,ICE
2024-02-02,129.60000610351562,129.9600067138672,127.68000030517578,128.6999969482422,125.70523071289062,1810900,0.0,0.0,ICE,ICE
2024-02-05,127.98999786376952,127.98999786376952,126.5199966430664,126.75,123.80061340332033,2405500,0.0,0.0,ICE,ICE
2024-02-06,126.72000122070312,127.1500015258789,125.72000122070312,126.33000183105467,123.39039611816406,2901400,0.0,0.0,ICE,ICE
2024-02-07,126.62999725341795,128.2100067138672,126.36000061035156,128.0800018310547,125.09967041015624,2243800,0.0,0.0,ICE,ICE
2024-02-08,132.02999877929688,135.97999572753906,131.0,134.1199951171875,130.99913024902344,5492000,0.0,0.0,ICE,ICE
2024-02-09,134.50999450683594,135.74000549316406,132.9199981689453,135.49000549316406,132.3372344970703,4066600,0.0,0.0,ICE,ICE
2024-02-12,135.7899932861328,136.22000122070312,134.67999267578125,135.4600067138672,132.3079376220703,2099300,0.0,0.0,ICE,ICE
2024-02-13,134.02999877929688,135.35000610351562,133.66000366210938,134.41000366210938,131.28237915039062,3024700,0.0,0.0,ICE,ICE
2024-02-14,135.19000244140625,136.72999572753906,134.83999633789062,136.66000366210938,133.48004150390625,2125500,0.0,0.0,ICE,ICE
2024-02-15,136.92999267578125,137.9199981689453,136.67999267578125,136.88999938964844,133.7046661376953,2020300,0.0,0.0,ICE,ICE
2024-02-16,137.22999572753906,138.33999633789062,136.99000549316406,137.1199951171875,133.92930603027344,2084200,0.0,0.0,ICE,ICE
2024-02-20,136.22999572753906,137.14999389648438,135.94000244140625,136.42999267578125,133.25535583496094,2501500,0.0,0.0,ICE,ICE
2024-02-21,136.00999450683594,137.1199951171875,135.4199981689453,136.69000244140625,133.50930786132812,2585300,0.0,0.0,ICE,ICE
2024-02-22,138.2899932861328,139.99000549316406,137.5399932861328,139.2899932861328,136.04881286621094,2839900,0.0,0.0,ICE,ICE
2024-02-23,139.42999267578125,139.77999877929688,138.0500030517578,138.3800048828125,135.16000366210938,2174000,0.0,0.0,ICE,ICE
2024-02-26,138.4499969482422,138.92999267578125,137.82000732421875,137.91000366210938,134.70094299316406,2446600,0.0,0.0,ICE,ICE
2024-02-27,137.75999450683594,138.9499969482422,137.38999938964844,138.6300048828125,135.40419006347656,2023600,0.0,0.0,ICE,ICE
2024-02-28,138.6199951171875,139.69000244140625,138.4499969482422,138.83999633789062,135.6092987060547,1646300,0.0,0.0,ICE,ICE
2024-02-29,139.0,139.72999572753906,138.25,138.4199981689453,135.1990509033203,2873200,0.0,0.0,ICE,ICE
2024-03-01,138.07000732421875,138.74000549316406,137.22000122070312,138.57000732421875,135.34556579589844,1423700,0.0,0.0,ICE,ICE
2024-03-04,138.0500030517578,138.67999267578125,137.5,138.07000732421875,134.85720825195312,1859000,0.0,0.0,ICE,ICE
2024-03-05,137.8800048828125,139.8300018310547,137.8000030517578,139.4199981689453,136.17579650878906,2483700,0.0,0.0,ICE,ICE
2024-03-06,138.66000366210938,139.8000030517578,137.50999450683594,139.42999267578125,136.18553161621094,2030500,0.0,0.0,ICE,ICE
2024-03-07,140.0,140.42999267578125,138.33999633789062,138.85000610351562,135.61904907226562,2403100,0.0,0.0,ICE,ICE
2024-03-08,138.17999267578125,139.86000061035156,138.17999267578125,138.66000366210938,135.43348693847656,1316000,0.0,0.0,ICE,ICE
2024-03-11,136.50999450683594,137.50999450683594,135.0,136.97000122070312,133.78280639648438,2380900,0.0,0.0,ICE,ICE
2024-03-12,137.0500030517578,138.22000122070312,136.63999938964844,136.99000549316406,133.80235290527344,1893300,0.0,0.0,ICE,ICE
2024-03-13,136.97000122070312,137.7100067138672,136.74000549316406,137.47000122070312,134.2711639404297,2298700,0.0,0.0,ICE,ICE
2024-03-14,136.8800048828125,137.0399932861328,134.61000061035156,135.4499969482422,132.73265075683594,2359300,0.45,0.0,ICE,ICE
2024-03-15,134.2100067138672,135.9199981689453,134.1699981689453,134.63999938964844,131.93890380859375,6698300,0.0,0.0,ICE,ICE
2024-03-18,135.1199951171875,135.6300048828125,134.1699981689453,134.39999389648438,131.70372009277344,3721400,0.0,0.0,ICE,ICE
2024-03-19,134.52000427246094,136.50999450683594,134.42999267578125,135.5,132.7816619873047,4332400,0.0,0.0,ICE,ICE
2024-03-20,135.27000427246094,136.4199981689453,134.14999389648438,136.10000610351562,133.36964416503906,2243100,0.0,0.0,ICE,ICE
2024-03-21,136.3699951171875,138.63999938964844,135.92999267578125,138.10000610351562,135.3295135498047,2640900,0.0,0.0,ICE,ICE
2024-03-22,138.25,138.38999938964844,135.99000549316406,136.22999572753906,133.49700927734375,2024100,0.0,0.0,ICE,ICE
2024-03-25,136.0800018310547,136.36000061035156,135.25999450683594,135.80999755859375,133.08543395996094,1984500,0.0,0.0,ICE,ICE
2024-03-26,136.0800018310547,137.9499969482422,135.99000549316406,137.1199951171875,134.36915588378906,2555100,0.0,0.0,ICE,ICE
2024-03-27,138.16000366210938,138.47000122070312,136.0399932861328,136.97999572753906,134.23196411132812,2050500,0.0,0.0,ICE,ICE
2024-03-28,137.36000061035156,137.94000244140625,136.36000061035156,137.42999267578125,134.67294311523438,2596800,0.0,0.0,ICE,ICE
2024-04-01,137.66000366210938,137.97999572753906,136.22999572753906,137.02999877929688,134.2809600830078,1640500,0.0,0.0,ICE,ICE
2024-04-02,136.8699951171875,137.52999877929688,136.02000427246094,137.5,134.74154663085938,1834300,0.0,0.0,ICE,ICE
2024-04-03,137.3300018310547,138.16000366210938,136.66000366210938,137.38999938964844,134.6337432861328,2426600,0.0,0.0,ICE,ICE
2024-04-04,138.25,138.8699951171875,136.25,136.6999969482422,133.95761108398438,2744700,0.0,0.0,ICE,ICE
2024-04-05,136.74000549316406,137.97999572753906,136.05999755859375,137.8699951171875,135.10411071777344,2328200,0.0,0.0,ICE,ICE
2024-04-08,138.1999969482422,138.1999969482422,136.7899932861328,136.8800048828125,134.1339874267578,1980800,0.0,0.0,ICE,ICE
2024-04-09,137.42999267578125,137.75,134.5399932861328,135.05999755859375,132.35047912597656,2140000,0.0,0.0,ICE,ICE
2024-04-10,133.47999572753906,134.80999755859375,132.4499969482422,132.94000244140625,130.27301025390625,2151900,0.0,0.0,ICE,ICE
2024-04-11,132.97999572753906,134.3300018310547,132.33999633789062,133.47999572753906,130.8021697998047,2256600,0.0,0.0,ICE,ICE
2024-04-12,132.8000030517578,134.49000549316406,132.64999389648438,133.5500030517578,130.87078857421875,3255800,0.0,0.0,ICE,ICE
2024-04-15,134.80999755859375,134.85000610351562,130.16000366210938,130.5399932861328,127.92117309570312,2264800,0.0,0.0,ICE,ICE
2024-04-16,130.60000610351562,131.30999755859375,129.4600067138672,129.89999389648438,127.29401397705078,2637600,0.0,0.0,ICE,ICE
2024-04-17,132.0,132.0,130.0,130.74000549316406,128.1171417236328,2362400,0.0,0.0,ICE,ICE
2024-04-18,131.5,131.5,130.17999267578125,130.97999572753906,128.35232543945312,2015000,0.0,0.0,ICE,ICE
2024-04-19,131.3699951171875,131.77999877929688,130.24000549316406,131.2100067138672,128.57772827148438,2263400,0.0,0.0,ICE,ICE
2024-04-22,132.10000610351562,132.3699951171875,131.1199951171875,131.64999389648438,129.00888061523438,1877300,0.0,0.0,ICE,ICE
2024-04-23,132.0,132.47000122070312,131.39999389648438,132.3300018310547,129.67527770996094,2375900,0.0,0.0,ICE,ICE
2024-04-24,132.0,132.64999389648438,131.0399932861328,132.57000732421875,129.9104766845703,2498900,0.0,0.0,ICE,ICE
2024-04-25,131.9600067138672,132.0399932861328,130.42999267578125,131.82000732421875,129.1754913330078,1923000,0.0,0.0,ICE,ICE
2024-04-26,131.74000549316406,132.3000030517578,130.88999938964844,131.6999969482422,129.0579071044922,2406700,0.0,0.0,ICE,ICE
2024-04-29,131.64999389648438,132.8699951171875,130.52000427246094,130.77999877929688,128.15634155273438,1557900,0.0,0.0,ICE,ICE
2024-04-30,130.0500030517578,130.7100067138672,128.74000549316406,128.75999450683594,126.17686462402344,2304500,0.0,0.0,ICE,ICE
2024-05-01,128.8300018310547,130.47000122070312,128.4499969482422,128.67999267578125,126.09847259521484,3116700,0.0,0.0,ICE,ICE
2024-05-02,129.35000610351562,130.1999969482422,124.33999633789062,126.54000091552734,124.00141143798828,4364100,0.0,0.0,ICE,ICE
2024-05-03,127.8000030517578,131.67999267578125,127.8000030517578,130.5,127.88197326660156,3991200,0.0,0.0,ICE,ICE
2024-05-06,130.82000732421875,131.77999877929688,130.38999938964844,131.27999877929688,128.64633178710938,1738900,0.0,0.0,ICE,ICE
2024-05-07,132.22000122070312,133.7899932861328,131.60000610351562,133.72000122070312,131.03736877441406,2397900,0.0,0.0,ICE,ICE
2024-05-08,133.2899932861328,133.82000732421875,132.25,133.38999938964844,130.7139892578125,1405200,0.0,0.0,ICE,ICE
2024-05-09,133.39999389648438,135.0500030517578,133.10000610351562,134.9499969482422,132.24269104003906,1474200,0.0,0.0,ICE,ICE
2024-05-10,135.27999877929688,135.88999938964844,133.4499969482422,133.99000549316406,131.30194091796875,1933300,0.0,0.0,ICE,ICE
2024-05-13,134.39999389648438,134.99000549316406,133.55999755859375,133.74000549316406,131.05699157714844,1473800,0.0,0.0,ICE,ICE
2024-05-14,134.25,134.6199951171875,133.47000122070312,134.38999938964844,131.69390869140625,1415800,0.0,0.0,ICE,ICE
2024-05-15,134.88999938964844,138.1199951171875,134.88999938964844,137.8699951171875,135.10411071777344,2508500,0.0,0.0,ICE,ICE
2024-05-16,137.80999755859375,138.5,137.0399932861328,137.11000061035156,134.359375,2205800,0.0,0.0,ICE,ICE
2024-05-17,137.80999755859375,138.4600067138672,137.00999450683594,138.39999389648438,135.6234588623047,2060700,0.0,0.0,ICE,ICE
2024-05-20,137.85000610351562,138.08999633789062,136.83999633789062,136.9499969482422,134.20257568359375,1418700,0.0,0.0,ICE,ICE
2024-05-21,137.14999389648438,137.5500030517578,136.61000061035156,137.27000427246094,134.51614379882812,1681700,0.0,0.0,ICE,ICE
2024-05-22,136.47999572753906,137.5,135.77000427246094,136.88999938964844,134.14376831054688,1295700,0.0,0.0,ICE,ICE
2024-05-23,137.57000732421875,137.57000732421875,134.82000732421875,135.39999389648438,132.6836395263672,1595900,0.0,0.0,ICE,ICE
2024-05-24,135.80999755859375,136.5500030517578,135.7100067138672,136.33999633789062,133.60479736328125,926100,0.0,0.0,ICE,ICE
2024-05-28,136.3699951171875,136.6199951171875,133.60000610351562,133.67999267578125,130.99818420410156,1815500,0.0,0.0,ICE,ICE
2024-05-29,132.7100067138672,132.9600067138672,131.8699951171875,131.9499969482422,129.30288696289062,1471400,0.0,0.0,ICE,ICE
2024-05-30,132.3300018310547,133.60000610351562,131.7899932861328,133.24000549316406,130.56700134277344,2844900,0.0,0.0,ICE,ICE
2024-05-31,133.3300018310547,134.32000732421875,132.9199981689453,133.89999389648438,131.21377563476562,2964500,0.0,0.0,ICE,ICE
2024-06-03,134.39999389648438,134.8300018310547,132.57000732421875,133.64999389648438,130.96873474121094,2043400,0.0,0.0,ICE,ICE
2024-06-04,133.16000366210938,135.30999755859375,132.91000366210938,134.75999450683594,132.0565185546875,2235100,0.0,0.0,ICE,ICE
2024-06-05,134.5,135.8000030517578,133.1999969482422,135.33999633789062,132.62486267089844,2259300,0.0,0.0,ICE,ICE
2024-06-06,135.6300048828125,135.64999389648438,134.32000732421875,134.86000061035156,132.15447998046875,1242800,0.0,0.0,ICE,ICE
2024-06-07,134.35000610351562,134.8000030517578,133.55999755859375,133.7899932861328,131.10595703125,2843900,0.0,0.0,ICE,ICE
2024-06-10,133.5,134.41000366210938,133.07000732421875,133.8800048828125,131.1941375732422,2323000,0.0,0.0,ICE,ICE
2024-06-11,133.5800018310547,134.7100067138672,132.92999267578125,134.58999633789062,131.88990783691406,2427200,0.0,0.0,ICE,ICE
2024-06-12,136.36000061035156,137.32000732421875,135.99000549316406,136.0500030517578,133.3206329345703,3516400,0.0,0.0,ICE,ICE
2024-06-13,135.52999877929688,135.67999267578125,134.57000732421875,135.25999450683594,132.98634338378906,1971500,0.45,0.0,ICE,ICE
2024-06-14,134.67999267578125,135.83999633789062,134.0,135.6699981689453,133.3894500732422,1515300,0.0,0.0,ICE,ICE
2024-06-17,134.97999572753906,136.42999267578125,133.97000122070312,136.1999969482422,133.91053771972656,2077200,0.0,0.0,ICE,ICE
2024-06-18,136.2100067138672,136.92999267578125,135.4199981689453,136.3800048828125,134.08750915527344,3034600,0.0,0.0,ICE,ICE
2024-06-20,135.6300048828125,137.38999938964844,134.77999877929688,137.11000061035156,134.80523681640625,2286100,0.0,0.0,ICE,ICE
2024-06-21,136.9600067138672,137.97999572753906,136.0800018310547,137.83999633789062,135.52296447753906,4971200,0.0,0.0,ICE,ICE
2024-06-24,138.1199951171875,139.5500030517578,137.49000549316406,138.72000122070312,136.38818359375,2368900,0.0,0.0,ICE,ICE
2024-06-25,138.66000366210938,139.08999633789062,136.6199951171875,137.3300018310547,135.02154541015625,2247100,0.0,0.0,ICE,ICE
2024-06-26,136.66000366210938,137.6999969482422,136.58999633789062,137.38999938964844,135.08053588867188,2389200,0.0,0.0,ICE,ICE
2024-06-27,137.2100067138672,137.6199951171875,136.60000610351562,137.47000122070312,135.15919494628906,2112300,0.0,0.0,ICE,ICE
2024-06-28,137.80999755859375,138.08999633789062,136.2100067138672,136.88999938964844,134.5889434814453,4067400,0.0,0.0,ICE,ICE
2024-07-01,138.64999389648438,138.6999969482422,136.25,136.92999267578125,134.62828063964844,2386100,0.0,0.0,ICE,ICE
2024-07-02,137.11000061035156,140.97999572753906,136.9600067138672,140.82000732421875,138.452880859375,3321000,0.0,0.0,ICE,ICE
2024-07-03,141.25,141.58999633789062,140.25,141.16000366210938,138.78717041015625,2070100,0.0,0.0,ICE,ICE
2024-07-05,141.16000366210938,141.16000366210938,139.61000061035156,140.7899932861328,138.42337036132812,2099900,0.0,0.0,ICE,ICE
2024-07-08,141.1300048828125,142.19000244140625,140.83999633789062,141.1699981689453,138.79698181152344,2307400,0.0,0.0,ICE,ICE
2024-07-09,141.30999755859375,142.49000549316406,140.32000732421875,142.4600067138672,140.06529235839844,2368000,0.0,0.0,ICE,ICE
2024-07-10,143.0,144.47000122070312,142.77999877929688,144.41000366210938,141.98252868652344,2873900,0.0,0.0,ICE,ICE
2024-07-11,145.4499969482422,147.32000732421875,145.2100067138672,147.14999389648438,144.6764678955078,3340300,0.0,0.0,ICE,ICE
2024-07-12,147.72999572753906,149.44000244140625,147.5,148.39999389648438,145.90545654296875,3718900,0.0,0.0,ICE,ICE
2024-07-15,148.91000366210938,149.11000061035156,147.47999572753906,147.82000732421875,145.33522033691406,2950900,0.0,0.0,ICE,ICE
2024-07-16,148.0399932861328,149.35000610351562,147.61000061035156,148.9199981689453,146.41673278808594,3823600,0.0,0.0,ICE,ICE
2024-07-17,148.60000610351562,149.52000427246094,148.17999267578125,149.41000366210938,146.8984832763672,2794300,0.0,0.0,ICE,ICE
2024-07-18,149.08999633789062,149.60000610351562,147.4499969482422,147.75999450683594,145.27621459960938,3255500,0.0,0.0,ICE,ICE
2024-07-19,148.57000732421875,148.57000732421875,146.69000244140625,147.67999267578125,145.1975555419922,2584700,0.0,0.0,ICE,ICE
2024-07-22,147.75,149.47000122070312,147.75,149.24000549316406,146.73135375976562,2697300,0.0,0.0,ICE,ICE
2024-07-23,149.9199981689453,150.0,148.3800048828125,148.57000732421875,146.07261657714844,3545700,0.0,0.0,ICE,ICE
2024-07-24,148.25,149.0500030517578,147.17999267578125,147.50999450683594,145.03041076660156,2939500,0.0,0.0,ICE,ICE
2024-07-25,148.0,150.38999938964844,147.55999755859375,149.02999877929688,146.5248565673828,3164800,0.0,0.0,ICE,ICE
2024-07-26,149.75,151.72000122070312,149.55999755859375,151.0,148.46176147460938,2066900,0.0,0.0,ICE,ICE
2024-07-29,151.10000610351562,151.5,150.38999938964844,151.16000366210938,148.6190643310547,1186100,0.0,0.0,ICE,ICE
2024-07-30,151.36000061035156,152.3800048828125,151.14999389648438,151.3000030517578,148.75672912597656,2477800,0.0,0.0,ICE,ICE
2024-07-31,152.47999572753906,152.9600067138672,151.3000030517578,151.55999755859375,149.01234436035156,3890300,0.0,0.0,ICE,ICE
2024-08-01,150.27999877929688,153.27999877929688,148.3300018310547,151.0,148.46176147460938,4537000,0.0,0.0,ICE,ICE
2024-08-02,150.0,151.97000122070312,148.47000122070312,149.85000610351562,147.33108520507812,4482300,0.0,0.0,ICE,ICE
2024-08-05,152.38999938964844,152.38999938964844,146.6699981689453,148.77999877929688,146.27908325195312,4003300,0.0,0.0,ICE,ICE
2024-08-06,149.22000122070312,152.1300048828125,148.1699981689453,150.50999450683594,147.97998046875,2949200,0.0,0.0,ICE,ICE
2024-08-07,151.50999450683594,152.6300048828125,150.77000427246094,151.1199951171875,148.57972717285156,3314700,0.0,0.0,ICE,ICE
2024-08-08,151.52999877929688,154.02000427246094,150.9499969482422,153.75999450683594,151.17535400390625,3647900,0.0,0.0,ICE,ICE
2024-08-09,153.72999572753906,154.3800048828125,152.8300018310547,154.0800018310547,151.48997497558594,2787400,0.0,0.0,ICE,ICE
2024-08-12,154.0,154.6300048828125,152.97999572753906,153.88999938964844,151.3031768798828,2829200,0.0,0.0,ICE,ICE
2024-08-13,154.60000610351562,155.16000366210938,152.8699951171875,154.66000366210938,152.06021118164062,3558200,0.0,0.0,ICE,ICE
2024-08-14,154.8699951171875,156.5399932861328,153.8000030517578,156.1199951171875,153.49566650390625,1994600,0.0,0.0,ICE,ICE
2024-08-15,156.7100067138672,157.17999267578125,154.52999877929688,155.5,152.88612365722656,2659700,0.0,0.0,ICE,ICE
2024-08-16,155.8699951171875,156.67999267578125,155.19000244140625,156.5399932861328,153.90863037109375,2004500,0.0,0.0,ICE,ICE
2024-08-19,156.5399932861328,157.49000549316406,156.22999572753906,157.27000427246094,154.62635803222656,1369300,0.0,0.0,ICE,ICE
2024-08-20,157.5,157.85000610351562,156.49000549316406,157.75,155.09829711914062,2029100,0.0,0.0,ICE,ICE
2024-08-21,157.75999450683594,158.4600067138672,156.9600067138672,158.11000061035156,155.45223999023438,2179700,0.0,0.0,ICE,ICE
2024-08-22,158.11000061035156,158.6999969482422,157.39999389648438,158.60000610351562,155.93402099609375,2288800,0.0,0.0,ICE,ICE
2024-08-23,158.97999572753906,160.25,158.8699951171875,160.00999450683594,157.32029724121094,2665200,0.0,0.0,ICE,ICE
2024-08-26,160.50999450683594,161.11000061035156,159.8699951171875,160.30999755859375,157.61524963378906,926000,0.0,0.0,ICE,ICE
2024-08-27,160.49000549316406,161.49000549316406,159.74000549316406,160.60000610351562,157.900390625,1344700,0.0,0.0,ICE,ICE
2024-08-28,160.8000030517578,161.97000122070312,160.2100067138672,160.77000427246094,158.06753540039062,2341500,0.0,0.0,ICE,ICE
2024-08-29,160.77000427246094,161.27999877929688,160.0800018310547,160.22000122070312,157.52676391601562,2119800,0.0,0.0,ICE,ICE
2024-08-30,160.47000122070312,161.75999450683594,159.9499969482422,161.5500030517578,158.83441162109375,3067700,0.0,0.0,ICE,ICE
2024-09-03,161.44000244140625,162.39999389648438,160.22000122070312,161.44000244140625,158.7262420654297,2556000,0.0,0.0,ICE,ICE
2024-09-04,161.6300048828125,162.75999450683594,161.19000244140625,162.42999267578125,159.69961547851562,2320700,0.0,0.0,ICE,ICE
2024-09-05,162.17999267578125,162.9199981689453,161.0500030517578,162.60000610351562,159.86676025390625,1905500,0.0,0.0,ICE,ICE
2024-09-06,162.97000122070312,163.7100067138672,159.7100067138672,160.49000549316406,157.792236328125,2902200,0.0,0.0,ICE,ICE
2024-09-09,161.42999267578125,162.8000030517578,160.9499969482422,161.6999969482422,158.98190307617188,3669100,0.0,0.0,ICE,ICE
2024-09-10,162.13999938964844,162.75999450683594,161.0,161.97000122070312,159.24734497070312,2008500,0.0,0.0,ICE,ICE
2024-09-11,161.27000427246094,161.52999877929688,157.8800048828125,159.99000549316406,157.30064392089844,3072500,0.0,0.0,ICE,ICE
2024-09-12,160.0500030517578,161.5500030517578,159.63999938964844,161.13999938964844,158.43130493164062,4332200,0.0,0.0,ICE,ICE
2024-09-13,161.32000732421875,161.6300048828125,160.6999969482422,161.36000061035156,158.64759826660156,2418700,0.0,0.0,ICE,ICE
2024-09-16,161.4600067138672,162.80999755859375,161.25,161.91000366210938,159.633544921875,1681500,0.45,0.0,ICE,ICE
2024-09-17,161.7899932861328,163.27000427246094,161.7100067138672,162.80999755859375,160.52088928222656,2319400,0.0,0.0,ICE,ICE
2024-09-18,162.80999755859375,163.27000427246094,161.13999938964844,161.22000122070312,158.95323181152344,2917100,0.0,0.0,ICE,ICE
2024-09-19,162.17999267578125,162.38999938964844,157.9499969482422,158.8699951171875,156.63629150390625,4459100,0.0,0.0,ICE,ICE
2024-09-20,159.02000427246094,159.85000610351562,158.22999572753906,159.83999633789062,157.59263610839844,4843400,0.0,0.0,ICE,ICE
2024-09-23,159.83999633789062,160.97999572753906,159.39999389648438,159.9499969482422,157.7010955810547,1639300,0.0,0.0,ICE,ICE
2024-09-24,159.6300048828125,159.7899932861328,157.47999572753906,158.75,156.51797485351562,2826700,0.0,0.0,ICE,ICE
2024-09-25,158.91000366210938,159.8000030517578,158.50999450683594,159.4499969482422,157.20814514160156,2827100,0.0,0.0,ICE,ICE
2024-09-26,159.57000732421875,160.32000732421875,157.85000610351562,158.1199951171875,155.8968505859375,3239900,0.0,0.0,ICE,ICE
2024-09-27,158.27000427246094,159.2899932861328,157.74000549316406,158.6199951171875,156.38980102539062,3329500,0.0,0.0,ICE,ICE
2024-09-30,158.9499969482422,160.77999877929688,158.22000122070312,160.63999938964844,158.38140869140625,1760300,0.0,0.0,ICE,ICE
2024-10-01,161.07000732421875,162.1199951171875,159.32000732421875,161.13999938964844,158.87437438964844,3076900,0.0,0.0,ICE,ICE
2024-10-02,160.52000427246094,161.14999389648438,159.6199951171875,160.9199981689453,158.65744018554688,1982900,0.0,0.0,ICE,ICE
2024-10-03,161.13999938964844,163.35000610351562,160.67999267578125,163.25999450683594,160.96456909179688,2585800,0.0,0.0,ICE,ICE
2024-10-04,163.57000732421875,164.17999267578125,162.47999572753906,162.75999450683594,160.4716033935547,2233000,0.0,0.0,ICE,ICE
2024-10-07,162.22000122070312,162.5399932861328,159.22999572753906,159.5399932861328,157.29685974121094,2688600,0.0,0.0,ICE,ICE
2024-10-08,160.94000244140625,162.25,160.38999938964844,162.08999633789062,159.81103515625,2006500,0.0,0.0,ICE,ICE
2024-10-09,162.0,162.85000610351562,161.6999969482422,161.74000549316406,159.4659423828125,1808500,0.0,0.0,ICE,ICE
2024-10-10,161.6699981689453,161.94000244140625,159.80999755859375,160.64999389648438,158.39126586914062,1734600,0.0,0.0,ICE,ICE
2024-10-11,161.38999938964844,162.82000732421875,160.72999572753906,162.57000732421875,160.28428649902344,2609400,0.0,0.0,ICE,ICE
2024-10-14,162.47999572753906,164.75,162.27999877929688,164.3800048828125,162.06881713867188,2743000,0.0,0.0,ICE,ICE
2024-10-15,165.91000366210938,167.22999572753906,164.91000366210938,165.17999267578125,162.85757446289062,2621800,0.0,0.0,ICE,ICE
2024-10-16,164.19000244140625,165.3300018310547,163.32000732421875,165.1300048828125,162.8082733154297,1735500,0.0,0.0,ICE,ICE
2024-10-17,166.19000244140625,166.2899932861328,164.7899932861328,164.80999755859375,162.49278259277344,2145600,0.0,0.0,ICE,ICE
2024-10-18,165.0,167.05999755859375,164.39999389648438,166.8300018310547,164.484375,2310800,0.0,0.0,ICE,ICE
2024-10-21,165.72999572753906,166.6300048828125,165.58999633789062,166.33999633789062,164.00125122070312,2354300,0.0,0.0,ICE,ICE
2024-10-22,165.25,166.6699981689453,165.0,165.94000244140625,163.60690307617188,2120800,0.0,0.0,ICE,ICE
2024-10-23,165.6199951171875,166.02999877929688,163.97000122070312,165.0,162.68011474609375,4461800,0.0,0.0,ICE,ICE
2024-10-24,165.2899932861328,167.5500030517578,164.77999877929688,166.89999389648438,164.5533905029297,4889900,0.0,0.0,ICE,ICE
2024-10-25,167.27000427246094,167.63999938964844,165.22999572753906,165.30999755859375,162.98573303222656,2994100,0.0,0.0,ICE,ICE
2024-10-28,166.3800048828125,166.9499969482422,165.75999450683594,166.44000244140625,164.09986877441406,2708600,0.0,0.0,ICE,ICE
2024-10-29,165.6199951171875,167.16000366210938,165.57000732421875,166.72000122070312,164.37591552734375,3430500,0.0,0.0,ICE,ICE
2024-10-30,166.75999450683594,167.99000549316406,166.3800048828125,166.52999877929688,164.18858337402344,2726300,0.0,0.0,ICE,ICE
2024-10-31,159.32000732421875,159.58999633789062,153.9499969482422,155.8699951171875,153.678466796875,8152800,0.0,0.0,ICE,ICE
2024-11-01,153.47999572753906,156.36000061035156,153.1999969482422,154.63999938964844,152.4657745361328,4510300,0.0,0.0,ICE,ICE
2024-11-04,155.50999450683594,156.07000732421875,154.0399932861328,154.49000549316406,152.31788635253906,2540800,0.0,0.0,ICE,ICE
2024-11-05,154.8699951171875,157.91000366210938,154.6999969482422,157.85000610351562,155.630615234375,2192000,0.0,0.0,ICE,ICE
2024-11-06,160.25999450683594,160.61000061035156,152.32000732421875,155.7899932861328,153.59959411621094,6013200,0.0,0.0,ICE,ICE
2024-11-07,156.05999755859375,156.4600067138672,155.16000366210938,156.11000061035156,153.91510009765625,2431800,0.0,0.0,ICE,ICE
2024-11-08,157.52000427246094,159.0399932861328,156.39999389648438,156.4199981689453,154.22073364257812,4946600,0.0,0.0,ICE,ICE
2024-11-11,158.77999877929688,159.80999755859375,156.67999267578125,157.0800018310547,154.8714599609375,3079900,0.0,0.0,ICE,ICE
2024-11-12,157.67999267578125,157.67999267578125,155.9199981689453,156.05999755859375,153.86578369140625,2047500,0.0,0.0,ICE,ICE
2024-11-13,156.8300018310547,157.10000610351562,155.5,155.83999633789062,153.6488800048828,2040000,0.0,0.0,ICE,ICE
2024-11-14,155.64999389648438,157.66000366210938,155.52000427246094,156.47000122070312,154.27003479003906,2550100,0.0,0.0,ICE,ICE
2024-11-15,155.7899932861328,156.9600067138672,155.1300048828125,155.5500030517578,153.36297607421875,2795400,0.0,0.0,ICE,ICE
2024-11-18,154.99000549316406,157.77999877929688,154.85000610351562,157.69000244140625,155.47286987304688,3973900,0.0,0.0,ICE,ICE
2024-11-19,157.55999755859375,158.5800018310547,156.75999450683594,157.92999267578125,155.70948791503906,2847500,0.0,0.0,ICE,ICE
2024-11-20,158.0500030517578,158.2899932861328,155.1999969482422,155.77000427246094,153.57989501953125,1867700,0.0,0.0,ICE,ICE
2024-11-21,156.6999969482422,159.0399932861328,155.50999450683594,158.35000610351562,156.1236114501953,2514300,0.0,0.0,ICE,ICE
2024-11-22,158.3699951171875,159.3699951171875,158.02000427246094,159.2899932861328,157.0503692626953,2080100,0.0,0.0,ICE,ICE
2024-11-25,160.0,160.38999938964844,158.7899932861328,159.6300048828125,157.3856201171875,3062700,0.0,0.0,ICE,ICE
2024-11-26,159.7100067138672,161.4600067138672,158.8800048828125,160.49000549316406,158.2335205078125,3463800,0.0,0.0,ICE,ICE
2024-11-27,160.8000030517578,161.99000549316406,159.99000549316406,161.19000244140625,158.92367553710938,2481600,0.0,0.0,ICE,ICE
2024-11-29,161.92999267578125,161.92999267578125,160.52999877929688,160.9600067138672,158.69691467285156,1439500,0.0,0.0,ICE,ICE
2024-12-02,160.42999267578125,160.61000061035156,157.33999633789062,158.2899932861328,156.06443786621094,4154200,0.0,0.0,ICE,ICE
2024-12-03,158.64999389648438,158.64999389648438,156.0,156.25999450683594,154.06298828125,2908500,0.0,0.0,ICE,ICE
2024-12-04,155.7100067138672,156.8699951171875,155.32000732421875,156.10000610351562,153.90524291992188,3249100,0.0,0.0,ICE,ICE
2024-12-05,156.4600067138672,157.41000366210938,155.58999633789062,156.3699951171875,154.1714324951172,4459600,0.0,0.0,ICE,ICE
2024-12-06,157.08999633789062,157.63999938964844,155.52000427246094,155.92999267578125,153.7376251220703,3274900,0.0,0.0,ICE,ICE
2024-12-09,156.17999267578125,156.7899932861328,155.6999969482422,156.07000732421875,153.87567138671875,3750300,0.0,0.0,ICE,ICE
2024-12-10,156.0800018310547,158.75999450683594,155.77000427246094,158.41000366210938,156.18275451660156,3232300,0.0,0.0,ICE,ICE
2024-12-11,158.67999267578125,159.80999755859375,157.6199951171875,158.17999267578125,155.95599365234375,3249200,0.0,0.0,ICE,ICE
2024-12-12,158.52999877929688,158.91000366210938,156.3300018310547,156.5500030517578,154.34890747070312,2007100,0.0,0.0,ICE,ICE
2024-12-13,156.69000244140625,157.41000366210938,155.42999267578125,155.5800018310547,153.39254760742188,2411600,0.0,0.0,ICE,ICE
2024-12-16,155.52999877929688,155.77999877929688,154.36000061035156,154.5800018310547,152.84869384765625,2331500,0.45,0.0,ICE,ICE
2024-12-17,154.11000061035156,154.2899932861328,152.5800018310547,152.7899932861328,151.0787353515625,3634100,0.0,0.0,ICE,ICE
2024-12-18,152.99000549316406,154.38999938964844,149.52999877929688,149.60000610351562,147.9244842529297,4571900,0.0,0.0,ICE,ICE
2024-12-19,150.0,151.1699981689453,148.05999755859375,148.2899932861328,146.62913513183594,4870500,0.0,0.0,ICE,ICE
2024-12-20,148.35000610351562,151.33999633789062,148.0,150.30999755859375,148.62652587890625,6446800,0.0,0.0,ICE,ICE
2024-12-23,149.38999938964844,150.4199981689453,148.77000427246094,150.16000366210938,148.47821044921875,2853800,0.0,0.0,ICE,ICE
2024-12-24,150.16000366210938,150.57000732421875,149.60000610351562,150.4600067138672,148.7748565673828,1084600,0.0,0.0,ICE,ICE
2024-12-26,149.1999969482422,151.3699951171875,149.1999969482422,151.02000427246094,149.3285675048828,1168100,0.0,0.0,ICE,ICE
2024-12-27,149.8800048828125,151.35000610351562,149.52999877929688,150.32000732421875,148.63641357421875,1212400,0.0,0.0,ICE,ICE
2024-12-30,149.16000366210938,149.9499969482422,148.35000610351562,149.3699951171875,147.69705200195312,2444000,0.0,0.0,ICE,ICE
2024-12-31,149.57000732421875,150.0,148.52000427246094,149.00999450683594,147.34107971191406,1562100,0.0,0.0,ICE,ICE
2025-01-02,150.0399932861328,150.14999389648438,148.4600067138672,149.33999633789062,147.66738891601562,1921600,0.0,0.0,ICE,ICE
2025-01-03,149.3800048828125,150.0,148.72999572753906,149.83999633789062,148.1617889404297,1227600,0.0,0.0,ICE,ICE
2025-01-06,148.9199981689453,149.1699981689453,145.8800048828125,146.5800018310547,144.9383087158203,3742900,0.0,0.0,ICE,ICE
2025-01-07,146.5800018310547,147.38999938964844,145.61000061035156,146.44000244140625,144.7998809814453,3135700,0.0,0.0,ICE,ICE
2025-01-08,144.92999267578125,146.6199951171875,143.8300018310547,146.57000732421875,144.9284210205078,3719000,0.0,0.0,ICE,ICE
2025-01-10,144.7899932861328,145.47999572753906,142.4499969482422,142.8000030517578,141.2006378173828,3979400,0.0,0.0,ICE,ICE
2025-01-13,142.41000366210938,143.94000244140625,142.2899932861328,143.88999938964844,142.27842712402344,3358000,0.0,0.0,ICE,ICE
2025-01-14,144.66000366210938,145.66000366210938,144.10000610351562,145.25,143.62319946289062,3229600,0.0,0.0,ICE,ICE
2025-01-15,147.72999572753906,148.7100067138672,146.38999938964844,148.24000549316406,146.5797119140625,5105100,0.0,0.0,ICE,ICE
2025-01-16,148.4199981689453,150.25,148.0,150.22999572753906,148.54742431640625,2823400,0.0,0.0,ICE,ICE
2025-01-17,150.8800048828125,151.07000732421875,148.94000244140625,149.11000061035156,147.43995666503906,3364600,0.0,0.0,ICE,ICE
2025-01-21,149.74000549316406,151.8000030517578,149.61000061035156,151.72000122070312,150.020751953125,4420600,0.0,0.0,ICE,ICE
2025-01-22,151.8699951171875,154.8000030517578,151.3000030517578,154.1699981689453,152.44329833984375,4981200,0.0,0.0,ICE,ICE
2025-01-23,153.88999938964844,158.6300048828125,153.2899932861328,157.67999267578125,155.91397094726562,3989100,0.0,0.0,ICE,ICE
2025-01-24,157.11000061035156,157.9499969482422,156.69000244140625,157.47000122070312,155.70632934570312,1944800,0.0,0.0,ICE,ICE
2025-01-27,157.44000244140625,160.91000366210938,157.2899932861328,160.8300018310547,159.02871704101562,3136300,0.0,0.0,ICE,ICE
2025-01-28,160.30999755859375,160.41000366210938,158.0,158.83999633789062,157.0609893798828,2532300,0.0,0.0,ICE,ICE
2025-01-29,158.5800018310547,158.86000061035156,156.94000244140625,157.22000122070312,155.4591522216797,2592800,0.0,0.0,ICE,ICE
2025-01-30,158.13999938964844,160.77999877929688,157.42999267578125,159.44000244140625,157.65428161621094,1941700,0.0,0.0,ICE,ICE
2025-01-31,159.1999969482422,161.17999267578125,158.5500030517578,159.8300018310547,158.03990173339844,2624000,0.0,0.0,ICE,ICE
2025-02-03,158.83999633789062,160.88999938964844,157.22000122070312,160.38999938964844,158.5936279296875,1986600,0.0,0.0,ICE,ICE
2025-02-04,159.60000610351562,160.8800048828125,159.16000366210938,159.32000732421875,157.53562927246094,2472400,0.0,0.0,ICE,ICE
2025-02-05,160.85000610351562,161.63999938964844,159.61000061035156,160.6999969482422,158.90016174316406,2971600,0.0,0.0,ICE,ICE
2025-02-06,165.52999877929688,169.75,164.0,167.67999267578125,165.80198669433594,4423800,0.0,0.0,ICE,ICE
2025-02-07,166.47000122070312,167.8699951171875,164.13999938964844,166.8300018310547,164.9615020751953,3072900,0.0,0.0,ICE,ICE
2025-02-10,167.30999755859375,167.75,165.77000427246094,167.1199951171875,165.2482452392578,3650200,0.0,0.0,ICE,ICE
2025-02-11,166.72000122070312,167.07000732421875,165.10000610351562,166.94000244140625,165.07028198242188,2168800,0.0,0.0,ICE,ICE
2025-02-12,165.75999450683594,166.86000061035156,164.33999633789062,166.55999755859375,164.69451904296875,2557500,0.0,0.0,ICE,ICE
2025-02-13,167.3699951171875,169.0399932861328,167.02999877929688,168.57000732421875,166.68202209472656,1853600,0.0,0.0,ICE,ICE
2025-02-14,169.77999877929688,169.77999877929688,166.67999267578125,166.7100067138672,164.8428497314453,1776100,0.0,0.0,ICE,ICE
2025-02-18,166.83999633789062,167.08999633789062,165.33999633789062,166.5,164.63519287109375,2230000,0.0,0.0,ICE,ICE
2025-02-19,166.91000366210938,167.57000732421875,166.0399932861328,166.9600067138672,165.09005737304688,2505500,0.0,0.0,ICE,ICE
2025-02-20,167.0,167.47999572753906,165.8300018310547,166.7899932861328,164.9219512939453,1643400,0.0,0.0,ICE,ICE
2025-02-21,166.72999572753906,168.49000549316406,166.33999633789062,167.8699951171875,165.98985290527344,2853100,0.0,0.0,ICE,ICE
2025-02-24,168.4199981689453,169.88999938964844,167.3000030517578,168.4199981689453,166.53369140625,3467500,0.0,0.0,ICE,ICE
2025-02-25,169.13999938964844,171.61000061035156,168.9499969482422,171.2100067138672,169.29244995117188,3456400,0.0,0.0,ICE,ICE
2025-02-26,170.57000732421875,172.6300048828125,170.14999389648438,171.1699981689453,169.25289916992188,3256000,0.0,0.0,ICE,ICE
2025-02-27,171.1699981689453,173.52000427246094,170.3800048828125,170.83999633789062,168.9265899658203,2805700,0.0,0.0,ICE,ICE
2025-02-28,170.9499969482422,173.5399932861328,170.6699981689453,173.22999572753906,171.28982543945312,5508600,0.0,0.0,ICE,ICE
2025-03-03,172.91000366210938,175.41000366210938,172.3300018310547,173.1999969482422,171.26014709472656,3658500,0.0,0.0,ICE,ICE
2025-03-04,173.17999267578125,174.16000366210938,169.72000122070312,169.85000610351562,167.94769287109375,3034200,0.0,0.0,ICE,ICE
2025-03-05,170.0,171.9600067138672,169.35000610351562,171.61000061035156,169.68797302246094,3216500,0.0,0.0,ICE,ICE
2025-03-06,169.8000030517578,171.00999450683594,168.27000427246094,169.64999389648438,167.74990844726562,3104700,0.0,0.0,ICE,ICE
2025-03-07,169.35000610351562,170.75,167.61000061035156,170.24000549316406,168.33331298828125,3541800,0.0,0.0,ICE,ICE
2025-03-10,169.92999267578125,171.5500030517578,167.6699981689453,169.14999389648438,167.25550842285156,4806200,0.0,0.0,ICE,ICE
2025-03-11,169.0399932861328,170.35000610351562,168.1999969482422,168.36000061035156,166.474365234375,3855700,0.0,0.0,ICE,ICE
2025-03-12,169.13999938964844,169.94000244140625,167.6199951171875,169.02000427246094,167.1269989013672,4066800,0.0,0.0,ICE,ICE
2025-03-13,169.0800018310547,171.07000732421875,168.5800018310547,169.13999938964844,167.24563598632812,2919100,0.0,0.0,ICE,ICE
2025-03-14,169.8800048828125,171.4499969482422,168.8800048828125,171.05999755859375,169.1441192626953,3018600,0.0,0.0,ICE,ICE
2025-03-17,170.92999267578125,173.6699981689453,170.1199951171875,172.82000732421875,171.3652801513672,2483400,0.48,0.0,ICE,ICE
2025-03-18,173.07000732421875,173.72999572753906,171.9499969482422,172.83999633789062,171.38510131835938,2995100,0.0,0.0,ICE,ICE
2025-03-19,173.16000366210938,174.52000427246094,172.1699981689453,173.69000244140625,172.2279510498047,2609300,0.0,0.0,ICE,ICE
2025-03-20,173.1300048828125,175.89999389648438,173.00999450683594,175.58999633789062,174.1119384765625,2746700,0.0,0.0,ICE,ICE
2025-03-21,175.6699981689453,175.99000549316406,173.10000610351562,174.38999938964844,172.92205810546875,4717100,0.0,0.0,ICE,ICE
2025-03-24,174.32000732421875,176.16000366210938,174.16000366210938,175.25,173.7748260498047,2982400,0.0,0.0,ICE,ICE
2025-03-25,176.14999389648438,176.49000549316406,174.47999572753906,175.6300048828125,174.151611328125,2777100,0.0,0.0,ICE,ICE
2025-03-26,175.92999267578125,176.82000732421875,174.99000549316406,175.75999450683594,174.280517578125,2575200,0.0,0.0,ICE,ICE
2025-03-27,175.91000366210938,177.4499969482422,175.1199951171875,176.36000061035156,174.87547302246094,2946000,0.0,0.0,ICE,ICE
2025-03-28,176.1300048828125,177.02000427246094,174.47999572753906,174.7100067138672,173.23936462402344,3199200,0.0,0.0,ICE,ICE
2025-03-31,172.82000732421875,173.5399932861328,171.2899932861328,172.5,171.04795837402344,6282800,0.0,0.0,ICE,ICE
2025-04-01,171.8000030517578,172.7100067138672,170.58999633789062,171.49000549316406,170.0464630126953,3877200,0.0,0.0,ICE,ICE
2025-04-02,170.19000244140625,172.0,169.61000061035156,170.44000244140625,169.0052947998047,6613000,0.0,0.0,ICE,ICE
2025-04-03,169.22000122070312,172.57000732421875,167.27999877929688,167.55999755859375,166.1495361328125,6043400,0.0,0.0,ICE,ICE
2025-04-04,165.39999389648438,166.50999450683594,156.5500030517578,156.74000549316406,155.42062377929688,6340400,0.0,0.0,ICE,ICE
2025-04-07,152.3300018310547,159.49000549316406,150.47000122070312,154.64999389648438,153.3481903076172,6950500,0.0,0.0,ICE,ICE
2025-04-08,158.5399932861328,158.7899932861328,149.4600067138672,151.6199951171875,150.34371948242188,6466300,0.0,0.0,ICE,ICE
2025-04-09,150.86000061035156,157.27000427246094,147.24000549316406,156.80999755859375,155.4900360107422,7429300,0.0,0.0,ICE,ICE
2025-04-10,156.1999969482422,157.00999450683594,150.82000732421875,155.19000244140625,153.8836669921875,4719200,0.0,0.0,ICE,ICE
2025-04-11,154.6199951171875,156.80999755859375,152.25999450683594,155.91000366210938,154.59759521484375,2786500,0.0,0.0,ICE,ICE
2025-04-14,158.27999877929688,160.2899932861328,157.1999969482422,159.7899932861328,158.4449462890625,2946400,0.0,0.0,ICE,ICE
2025-04-15,160.52999877929688,160.99000549316406,157.99000549316406,159.9499969482422,158.6035919189453,2675600,0.0,0.0,ICE,ICE
2025-04-16,159.83999633789062,160.3699951171875,157.36000061035156,158.44000244140625,157.1063232421875,2628900,0.0,0.0,ICE,ICE
2025-04-17,159.4499969482422,160.80999755859375,158.0500030517578,158.63999938964844,157.3046417236328,2742700,0.0,0.0,ICE,ICE
2025-04-21,157.4199981689453,157.82000732421875,153.1300048828125,155.02999877929688,153.7250213623047,2815000,0.0,0.0,ICE,ICE
2025-04-22,156.52999877929688,160.97000122070312,156.52999877929688,160.67999267578125,159.3274383544922,2909600,0.0,0.0,ICE,ICE
2025-04-23,162.10000610351562,163.14999389648438,159.4600067138672,160.99000549316406,159.6348419189453,2876100,0.0,0.0,ICE,ICE
2025-04-24,161.07000732421875,163.3000030517578,160.00999450683594,162.97999572753906,161.60809326171875,1559700,0.0,0.0,ICE,ICE
2025-04-25,162.44000244140625,163.6300048828125,161.61000061035156,163.22999572753906,161.85598754882812,1642800,0.0,0.0,ICE,ICE
2025-04-28,163.3000030517578,164.3800048828125,162.2899932861328,163.47999572753906,162.1038818359375,2337500,0.0,0.0,ICE,ICE
2025-04-29,163.47000122070312,166.6199951171875,163.41000366210938,166.3300018310547,164.92990112304688,2114600,0.0,0.0,ICE,ICE
2025-04-30,166.0500030517578,168.77999877929688,164.5500030517578,167.97000122070312,166.55609130859375,3672000,0.0,0.0,ICE,ICE
2025-05-01,166.24000549316406,172.30999755859375,162.94000244140625,170.83999633789062,169.4019317626953,4008900,0.0,0.0,ICE,ICE
2025-05-02,173.08999633789062,174.5,171.22999572753906,173.4499969482422,171.98995971679688,2921400,0.0,0.0,ICE,ICE
2025-05-05,173.72000122070312,175.1699981689453,172.58999633789062,173.97999572753906,172.51548767089844,2239100,0.0,0.0,ICE,ICE
2025-05-06,172.9600067138672,176.2100067138672,172.9600067138672,175.19000244140625,173.71531677246094,2744300,0.0,0.0,ICE,ICE
2025-05-07,174.97999572753906,177.02000427246094,174.52000427246094,176.52999877929688,175.04403686523438,2025800,0.0,0.0,ICE,ICE
2025-05-08,177.19000244140625,178.8000030517578,176.39999389648438,176.47000122070312,174.9845428466797,4378300,0.0,0.0,ICE,ICE
2025-05-09,176.8800048828125,179.44000244140625,176.77999877929688,178.3300018310547,176.82888793945312,3313500,0.0,0.0,ICE,ICE
2025-05-12,178.9199981689453,178.9199981689453,170.5800018310547,173.44000244140625,171.98004150390625,4617700,0.0,0.0,ICE,ICE
2025-05-13,173.52000427246094,174.8000030517578,172.77999877929688,172.83999633789062,171.38510131835938,2122900,0.0,0.0,ICE,ICE
2025-05-14,173.0800018310547,174.0,170.9199981689453,171.94000244140625,170.49267578125,4025800,0.0,0.0,ICE,ICE
2025-05-15,172.22999572753906,175.22000122070312,171.86000061035156,174.85000610351562,173.37818908691406,2563600,0.0,0.0,ICE,ICE
2025-05-16,175.5500030517578,176.25999450683594,173.82000732421875,176.25,174.76638793945312,2330900,0.0,0.0,ICE,ICE
2025-05-19,175.0,177.41000366210938,174.55999755859375,176.75,175.26219177246094,2731500,0.0,0.0,ICE,ICE
2025-05-20,175.89999389648438,177.3800048828125,175.5399932861328,176.2899932861328,174.80604553222656,2150800,0.0,0.0,ICE,ICE
2025-05-21,175.85000610351562,177.1699981689453,174.19000244140625,174.72000122070312,173.24928283691406,4479600,0.0,0.0,ICE,ICE
2025-05-22,174.52000427246094,175.4199981689453,173.57000732421875,174.0,172.53533935546875,2896200,0.0,0.0,ICE,ICE
2025-05-23,173.5,176.7899932861328,172.91000366210938,176.1199951171875,174.63748168945312,2248100,0.0,0.0,ICE,ICE
2025-05-27,177.11000061035156,178.9600067138672,176.5500030517578,178.5399932861328,177.037109375,2831500,0.0,0.0,ICE,ICE
2025-05-28,177.6199951171875,178.63999938964844,177.5800018310547,177.8000030517578,176.3033447265625,2297700,0.0,0.0,ICE,ICE
2025-05-29,177.75999450683594,178.7899932861328,176.8699951171875,178.52999877929688,177.02720642089844,1789700,0.0,0.0,ICE,ICE
2025-05-30,178.4499969482422,180.63999938964844,178.00999450683594,179.8000030517578,178.28651428222656,5439100,0.0,0.0,ICE,ICE
2025-06-02,178.75,180.33999633789065,177.6699981689453,180.32000732421875,178.80213928222656,1854700,0.0,0.0,ICE,ICE
2025-06-03,180.2400054931641,180.88999938964844,177.8000030517578,179.33999633789062,177.83038330078125,2387700,0.0,0.0,ICE,ICE
2025-06-04,179.7899932861328,179.9499969482422,177.92999267578125,179.1300048828125,177.6221466064453,1869900,0.0,0.0,ICE,ICE
2025-06-05,179.57000732421875,179.67999267578125,177.66000366210938,178.55999755859375,177.05694580078125,2438400,0.0,0.0,ICE,ICE
2025-06-06,178.1999969482422,178.8800048828125,177.36000061035156,178.67999267578125,177.17593383789062,3245200,0.0,0.0,ICE,ICE
2025-06-09,177.8000030517578,178.8300018310547,174.7899932861328,175.97000122070312,174.48875427246094,2776000,0.0,0.0,ICE,ICE
2025-06-10,176.0,176.33999633789062,174.74000549316406,175.52999877929688,174.05245971679688,1898200,0.0,0.0,ICE,ICE
2025-06-11,176.00999450683594,177.55999755859375,174.9499969482422,177.5,176.00587463378906,1677200,0.0,0.0,ICE,ICE
2025-06-12,177.00999450683594,179.13999938964844,176.99000549316406,179.0800018310547,177.57257080078125,1841500,0.0,0.0,ICE,ICE
2025-06-13,179.0800018310547,179.9499969482422,177.4499969482422,178.44000244140625,177.4134979248047,2500300,0.48,0.0,ICE,ICE
2025-06-16,179.57000732421875,181.6300048828125,179.0,179.8000030517578,178.7656707763672,2150700,0.0,0.0,ICE,ICE
2025-06-17,179.1999969482422,181.6499938964844,178.72000122070312,180.9900054931641,179.94882202148438,3230500,0.0,0.0,ICE,ICE
2025-06-18,180.9900054931641,181.3300018310547,179.50999450683594,179.75999450683594,178.72589111328125,2055300,0.0,0.0,ICE,ICE
2025-06-20,179.00999450683594,180.8999938964844,177.47000122070312,178.42999267578125,177.40353393554688,3910100,0.0,0.0,ICE,ICE
2025-06-23,178.85000610351562,179.9600067138672,178.1999969482422,179.72999572753906,178.69607543945312,2017400,0.0,0.0,ICE,ICE
2025-06-24,180.38999938964844,181.3099975585937,178.4600067138672,180.8500061035156,179.80963134765625,2101700,0.0,0.0,ICE,ICE
2025-06-25,180.3099975585937,181.4499969482422,179.63999938964844,180.52999877929688,179.491455078125,1560700,0.0,0.0,ICE,ICE
2025-06-26,181.02999877929688,181.6199951171875,180.22000122070312,180.8000030517578,179.75991821289062,1504500,0.0,0.0,ICE,ICE
2025-06-27,180.7100067138672,182.6100006103516,180.4199981689453,181.75,180.70445251464844,2137100,0.0,0.0,ICE,ICE
2025-06-30,181.9600067138672,183.759994506836,181.3600006103516,183.47000122070312,182.41455078125,3214000,0.0,0.0,ICE,ICE
2025-07-01,183.3000030517578,183.72999572753903,179.30999755859375,181.8600006103516,180.81382751464844,2223700,0.0,0.0,ICE,ICE
2025-07-02,181.1000061035156,181.8600006103516,179.60000610351562,181.7400054931641,180.6945037841797,1631100,0.0,0.0,ICE,ICE
2025-07-03,182.0,183.1100006103516,181.7899932861328,183.1100006103516,182.0566253662109,1082800,0.0,0.0,ICE,ICE
2025-07-07,183.3800048828125,183.9900054931641,181.7100067138672,183.08999633789065,182.0367431640625,1634700,0.0,0.0,ICE,ICE
2025-07-08,182.3099975585937,183.0,180.6100006103516,180.97999572753903,179.93887329101562,1950300,0.0,0.0,ICE,ICE
2025-07-09,180.6100006103516,182.19000244140625,178.72999572753906,182.16000366210932,181.1121063232422,1789000,0.0,0.0,ICE,ICE
2025-07-10,181.8300018310547,182.8500061035156,180.6300048828125,181.82000732421875,180.7740631103516,1894300,0.0,0.0,ICE,ICE
2025-07-11,181.1999969482422,182.0599975585937,180.17999267578125,180.509994506836,179.47157287597656,1576900,0.0,0.0,ICE,ICE
2025-07-14,180.3800048828125,182.3999938964844,179.66000366210938,181.82000732421875,180.7740631103516,1773000,0.0,0.0,ICE,ICE
2025-07-15,181.6100006103516,181.82000732421875,179.27999877929688,179.7899932861328,178.75572204589844,1513000,0.0,0.0,ICE,ICE
2025-07-16,180.1999969482422,181.22000122070312,179.00999450683594,180.8000030517578,179.75991821289062,1629600,0.0,0.0,ICE,ICE
2025-07-17,180.3300018310547,182.1499938964844,180.0,181.94000244140625,180.8933563232422,1806800,0.0,0.0,ICE,ICE
2025-07-18,181.9900054931641,182.66000366210932,180.3500061035156,180.72000122070312,179.6803741455078,2483000,0.0,0.0,ICE,ICE
2025-07-21,180.8999938964844,182.16000366210932,180.44000244140625,180.8099975585937,179.7698516845703,1757900,0.0,0.0,ICE,ICE
2025-07-22,180.6300048828125,181.13999938964844,179.6199951171875,180.8000030517578,179.75991821289062,1952700,0.0,0.0,ICE,ICE
2025-07-23,180.6300048828125,181.58999633789065,179.72999572753906,181.0,179.95877075195312,1994100,0.0,0.0,ICE,ICE
2025-07-24,181.4199981689453,184.02999877929688,180.4199981689453,183.5800018310547,182.52392578125,2981200,0.0,0.0,ICE,ICE
2025-07-25,183.3099975585937,185.3000030517578,183.259994506836,184.44000244140625,183.37896728515625,2588800,0.0,0.0,ICE,ICE
2025-07-28,184.0,184.66000366210932,182.42999267578125,182.7899932861328,181.73846435546875,2353400,0.0,0.0,ICE,ICE
2025-07-29,183.94000244140625,184.8500061035156,183.1000061035156,184.7100067138672,183.64743041992188,3035700,0.0,0.0,ICE,ICE
2025-07-30,184.9499969482422,187.3800048828125,184.3699951171875,185.7400054931641,184.6715087890625,3507700,0.0,0.0,ICE,ICE
2025-07-31,185.7400054931641,187.3800048828125,182.6999969482422,184.8300018310547,183.7667388916016,4429300,0.0,0.0,ICE,ICE
2025-08-01,182.1100006103516,185.2100067138672,182.0,184.6000061035156,183.53805541992188,3795800,0.0,0.0,ICE,ICE
2025-08-04,185.3600006103516,188.58999633789065,184.8300018310547,188.4499969482422,187.36590576171875,3777300,0.0,0.0,ICE,ICE
2025-08-05,189.16000366210932,189.22999572753903,186.72000122070312,187.3999938964844,186.3219451904297,2929400,0.0,0.0,ICE,ICE
2025-08-06,187.83999633789065,188.5399932861328,186.7899932861328,188.0500030517578,186.9682159423828,2690500,0.0,0.0,ICE,ICE
2025-08-07,188.4499969482422,188.97999572753903,187.2899932861328,188.0200042724609,186.9383850097656,2697700,0.0,0.0,ICE,ICE
2025-08-08,188.5500030517578,189.3500061035156,186.3800048828125,186.3999938964844,185.3276824951172,2783600,0.0,0.0,ICE,ICE
2025-08-11,186.3999938964844,187.08999633789065,184.67999267578125,185.92999267578125,184.8603973388672,2036900,0.0,0.0,ICE,ICE
2025-08-12,186.1999969482422,186.1999969482422,181.47999572753903,182.7400054931641,181.6887664794922,3849100,0.0,0.0,ICE,ICE
2025-08-13,183.6499938964844,183.6499938964844,180.2100067138672,181.41000366210932,180.3664093017578,3723300,0.0,0.0,ICE,ICE
2025-08-14,181.6100006103516,183.1300048828125,180.97000122070312,182.67999267578125,181.62908935546875,6079900,0.0,0.0,ICE,ICE
2025-08-15,182.4199981689453,182.8600006103516,180.8000030517578,181.1999969482422,180.15760803222656,2840900,0.0,0.0,ICE,ICE
2025-08-18,180.94000244140625,181.4499969482422,177.94000244140625,177.94000244140625,176.9163818359375,3606100,0.0,0.0,ICE,ICE
2025-08-19,178.1300048828125,178.6699981689453,177.07000732421875,178.27000427246094,177.24447631835938,2586500,0.0,0.0,ICE,ICE
2025-08-20,178.4499969482422,181.72000122070312,177.9600067138672,181.3000030517578,180.25704956054688,2921700,0.0,0.0,ICE,ICE
2025-08-21,180.5,180.91000366210932,178.6999969482422,179.22999572753906,178.19894409179688,1973600,0.0,0.0,ICE,ICE
2025-08-22,179.75999450683594,180.9600067138672,179.25,180.6699981689453,179.6306610107422,2247800,0.0,0.0,ICE,ICE
2025-08-25,180.7400054931641,181.6499938964844,179.05999755859375,179.13999938964844,178.10946655273438,3101800,0.0,0.0,ICE,ICE
2025-08-26,178.3300018310547,178.88999938964844,177.75,178.74000549316406,177.71176147460938,2578900,0.0,0.0,ICE,ICE
2025-08-27,178.33999633789062,179.1999969482422,177.27000427246094,177.3000030517578,176.28004455566406,1933700,0.0,0.0,ICE,ICE
2025-08-28,177.02000427246094,177.6999969482422,176.11000061035156,177.13999938964844,176.1209716796875,2170900,0.0,0.0,ICE,ICE
2025-08-29,177.00999450683594,177.75999450683594,176.1300048828125,176.60000610351562,175.58407592773438,1775500,0.0,0.0,ICE,ICE
2025-09-02,175.55999755859375,177.0,173.66000366210938,175.08999633789062,174.082763671875,3226400,0.0,0.0,ICE,ICE
2025-09-03,174.7100067138672,175.4600067138672,173.77000427246094,175.1300048828125,174.12254333496094,1903000,0.0,0.0,ICE,ICE
2025-09-04,175.91000366210938,176.0500030517578,173.22000122070312,174.52000427246094,173.5160369873047,2950100,0.0,0.0,ICE,ICE
2025-09-05,175.13999938964844,175.13999938964844,172.88999938964844,174.27000427246094,173.26748657226562,3104200,0.0,0.0,ICE,ICE
2025-09-08,173.38999938964844,174.13999938964844,172.0,173.88999938964844,172.88966369628906,2322600,0.0,0.0,ICE,ICE
2025-09-09,173.6699981689453,174.7899932861328,173.0399932861328,173.4600067138672,172.46214294433594,3466700,0.0,0.0,ICE,ICE
2025-09-10,173.5,173.99000549316406,171.3300018310547,172.22999572753906,171.2392120361328,2381000,0.0,0.0,ICE,ICE
2025-09-11,172.75,176.39999389648438,172.33999633789062,176.1699981689453,175.15655517578125,2697600,0.0,0.0,ICE,ICE
2025-09-12,175.6199951171875,176.58999633789062,173.0800018310547,173.97000122070312,172.96920776367188,2300500,0.0,0.0,ICE,ICE
2025-09-15,174.16000366210938,174.3699951171875,171.83999633789062,172.22999572753906,171.2392120361328,2669700,0.0,0.0,ICE,ICE
2025-09-16,171.57000732421875,171.8699951171875,170.25,171.39999389648438,170.8902587890625,3179400,0.48,0.0,ICE,ICE
2025-09-17,171.8300018310547,173.10000610351562,171.0500030517578,172.25,171.73773193359375,2443000,0.0,0.0,ICE,ICE
2025-09-18,172.1699981689453,173.3000030517578,169.91000366210938,171.1300048828125,170.62106323242188,5990200,0.0,0.0,ICE,ICE
2025-09-19,171.10000610351562,171.52999877929688,168.94000244140625,169.77000427246094,169.26510620117188,4806500,0.0,0.0,ICE,ICE
2025-09-22,169.5800018310547,170.38999938964844,168.2899932861328,170.1199951171875,169.6140594482422,4257400,0.0,0.0,ICE,ICE
2025-09-23,170.13999938964844,170.82000732421875,167.5,168.08999633789062,167.59010314941406,2586600,0.0,0.0,ICE,ICE
2025-09-24,167.52999877929688,168.4499969482422,166.5800018310547,168.0500030517578,167.55023193359375,3771900,0.0,0.0,ICE,ICE
2025-09-25,167.05999755859375,167.8300018310547,165.4499969482422,167.27999877929688,166.7825164794922,2977400,0.0,0.0,ICE,ICE
2025-09-26,168.02999877929688,169.0500030517578,167.5399932861328,167.72999572753906,167.23117065429688,2564900,0.0,0.0,ICE,ICE
2025-09-29,168.25,168.83999633789062,166.8300018310547,167.99000549316406,167.4904022216797,2661000,0.0,0.0,ICE,ICE
2025-09-30,167.88999938964844,169.1999969482422,167.5500030517578,168.47999572753906,167.97894287109375,2801300,0.0,0.0,ICE,ICE
2025-10-01,167.2100067138672,167.2100067138672,162.32000732421875,162.63999938964844,162.15631103515625,4121600,0.0,0.0,ICE,ICE
2025-10-02,162.0500030517578,162.5,160.6999969482422,160.97999572753906,160.50125122070312,3335900,0.0,0.0,ICE,ICE
2025-10-03,160.74000549316406,162.9499969482422,160.25,162.6199951171875,162.13636779785156,2910800,0.0,0.0,ICE,ICE
2025-10-06,162.07000732421875,162.6699981689453,158.22999572753906,159.05999755859375,158.5869598388672,3908100,0.0,0.0,ICE,ICE
2025-10-07,161.47000122070312,162.8300018310547,159.1699981689453,161.97999572753906,161.49827575683594,5758300,0.0,0.0,ICE,ICE
2025-10-08,162.69000244140625,162.69000244140625,156.44000244140625,159.3699951171875,158.89602661132812,5054400,0.0,0.0,ICE,ICE
2025-10-09,160.9600067138672,160.9600067138672,158.25999450683594,159.3000030517578,158.8262481689453,3838700,0.0,0.0,ICE,ICE
2025-10-10,159.6199951171875,159.75,157.42999267578125,157.5,157.03160095214844,4175400,0.0,0.0,ICE,ICE
2025-10-13,157.4600067138672,159.33999633789062,157.33999633789062,158.75,158.2778778076172,3074300,0.0,0.0,ICE,ICE
2025-10-14,159.1699981689453,160.5,157.92999267578125,158.27000427246094,157.79931640625,2849100,0.0,0.0,ICE,ICE
2025-10-15,158.19000244140625,158.83999633789062,155.89999389648438,157.4600067138672,156.99172973632812,4174200,0.0,0.0,ICE,ICE
2025-10-16,157.52000427246094,157.52000427246094,153.1199951171875,153.36000061035156,152.90391540527344,5576400,0.0,0.0,ICE,ICE
2025-10-17,153.77000427246094,154.02000427246094,152.72999572753906,153.60000610351562,153.14320373535156,4090300,0.0,0.0,ICE,ICE
2025-10-20,153.9499969482422,155.4199981689453,153.25999450683594,155.2899932861328,154.8281707763672,2884400,0.0,0.0,ICE,ICE
2025-10-21,155.07000732421875,157.36000061035156,155.00999450683594,156.7899932861328,156.32369995117188,3560000,0.0,0.0,ICE,ICE
2025-10-22,156.47999572753906,157.39999389648438,155.5500030517578,156.9499969482422,156.4832305908203,4676300,0.0,0.0,ICE,ICE
2025-10-23,158.0,158.44000244140625,155.83999633789062,157.4499969482422,156.98175048828125,5803100,0.0,0.0,ICE,ICE
2025-10-24,158.24000549316406,158.6699981689453,157.5800018310547,157.64999389648438,157.18115234375,4185800,0.0,0.0,ICE,ICE
2025-10-27,158.25999450683594,160.1999969482422,158.0,159.83999633789062,159.36463928222656,4078300,0.0,0.0,ICE,ICE
2025-10-28,159.5500030517578,160.11000061035156,157.17999267578125,157.27000427246094,156.8022918701172,3322400,0.0,0.0,ICE,ICE
2025-10-29,155.75999450683594,156.13999938964844,150.0,150.6199951171875,150.17205810546875,7586500,0.0,0.0,ICE,ICE
2025-10-30,146.5500030517578,152.22000122070312,146.0500030517578,148.52000427246094,148.07830810546875,6950500,0.0,0.0,ICE,ICE
2025-10-31,148.32000732421875,149.0,145.00999450683594,146.2899932861328,145.8549346923828,7069600,0.0,0.0,ICE,ICE
2025-11-03,145.49000549316406,146.2100067138672,143.1699981689453,145.58999633789062,145.15701293945312,4428200,0.0,0.0,ICE,ICE
2025-11-04,146.47000122070312,147.25999450683594,145.50999450683594,146.97999572753906,146.54287719726562,3135800,0.0,0.0,ICE,ICE
2025-11-05,147.50999450683594,150.0,146.2100067138672,146.2100067138672,145.77517700195312,3980900,0.0,0.0,ICE,ICE
2025-11-06,145.75999450683594,148.05999755859375,145.74000549316406,147.52000427246094,147.08128356933594,3497500,0.0,0.0,ICE,ICE
2025-11-07,147.1300048828125,149.08999633789062,146.9499969482422,149.0,148.556884765625,3487100,0.0,0.0,ICE,ICE
2025-11-10,148.66000366210938,149.64999389648438,147.52999877929688,149.5,149.05538940429688,3231200,0.0,0.0,ICE,ICE
2025-11-11,150.2899932861328,152.13999938964844,150.13999938964844,151.99000549316406,151.53799438476562,2854600,0.0,0.0,ICE,ICE
2025-11-12,152.07000732421875,154.1699981689453,151.6999969482422,154.0500030517578,153.59185791015625,3032100,0.0,0.0,ICE,ICE
2025-11-13,153.39999389648438,154.22999572753906,152.52000427246094,152.6999969482422,152.24586486816406,3484800,0.0,0.0,ICE,ICE
2025-11-14,153.67999267578125,153.67999267578125,150.97000122070312,152.07000732421875,151.6177520751953,2554300,0.0,0.0,ICE,ICE
2025-11-17,151.8300018310547,152.85000610351562,149.88999938964844,150.3300018310547,149.88291931152344,2737300,0.0,0.0,ICE,ICE
2025-11-18,150.6699981689453,154.00999450683594,149.86000061035156,152.77999877929688,152.3256378173828,5191000,0.0,0.0,ICE,ICE
2025-11-19,152.52000427246094,153.69000244140625,151.97999572753906,153.64999389648438,153.1930389404297,4432700,0.0,0.0,ICE,ICE
2025-11-20,153.64999389648438,154.67999267578125,151.1300048828125,151.66000366210938,151.20896911621094,4304300,0.0,0.0,ICE,ICE
2025-11-21,153.02999877929688,155.35000610351562,152.36000061035156,154.42999267578125,153.97071838378906,4777400,0.0,0.0,ICE,ICE
2025-11-24,154.0399932861328,154.27999877929688,152.22000122070312,152.89999389648438,152.4452667236328,4135700,0.0,0.0,ICE,ICE
2025-11-25,154.0500030517578,156.25999450683594,153.41000366210938,155.9600067138672,155.49618530273438,2274700,0.0,0.0,ICE,ICE
2025-11-26,155.83999633789062,157.02000427246094,155.42999267578125,156.2899932861328,155.8251953125,2286800,0.0,0.0,ICE,ICE
2025-11-28,157.0,158.3699951171875,156.72000122070312,157.3000030517578,156.8321990966797,1323700,0.0,0.0,ICE,ICE
2025-12-01,156.5,157.5,155.9499969482422,156.94000244140625,156.4732666015625,2834000,0.0,0.0,ICE,ICE
2025-12-02,156.85000610351562,157.6300048828125,155.10000610351562,155.36000061035156,154.89796447753906,4802100,0.0,0.0,ICE,ICE
2025-12-03,156.32000732421875,157.72999572753906,155.97999572753906,156.85000610351562,156.383544921875,2848700,0.0,0.0,ICE,ICE
2025-12-04,157.19000244140625,159.30999755859375,156.75999450683594,159.11000061035156,158.63681030273438,3804600,0.0,0.0,ICE,ICE
2025-12-05,158.6300048828125,159.1999969482422,157.30999755859375,157.82000732421875,157.3506622314453,3852100,0.0,0.0,ICE,ICE
2025-12-08,157.8300018310547,157.85000610351562,155.75999450683594,157.02999877929688,156.56298828125,5387600,0.0,0.0,ICE,ICE
2025-12-09,157.58999633789062,159.3300018310547,157.39999389648438,158.00999450683594,157.54006958007812,3558500,0.0,0.0,ICE,ICE
2025-12-10,157.82000732421875,161.36000061035156,157.50999450683594,160.3800048828125,159.90304565429688,4524800,0.0,0.0,ICE,ICE
2025-12-11,161.14999389648438,163.4600067138672,161.0,163.10000610351562,162.6149444580078,3855900,0.0,0.0,ICE,ICE
2025-12-12,163.1999969482422,164.3699951171875,162.72999572753906,163.2100067138672,162.72462463378906,2700500,0.0,0.0,ICE,ICE
2025-12-15,163.4499969482422,163.4499969482422,160.58999633789062,161.39999389648438,160.9199981689453,3206800,0.0,0.0,ICE,ICE
2025-12-16,161.5,162.0,159.9199981689453,160.0500030517578,160.0500030517578,4222000,0.48,0.0,ICE,ICE
2025-12-17,159.6300048828125,161.77999877929688,159.58999633789062,160.86000061035156,160.86000061035156,3563700,0.0,0.0,ICE,ICE
2025-12-18,161.25,162.2899932861328,160.02000427246094,160.07000732421875,160.07000732421875,2639300,0.0,0.0,ICE,ICE
2025-12-19,159.97000122070312,161.0500030517578,159.66000366210938,160.3000030517578,160.3000030517578,5747900,0.0,0.0,ICE,ICE
2025-12-22,160.14999389648438,162.17999267578125,159.6699981689453,161.4499969482422,161.4499969482422,2152100,0.0,0.0,ICE,ICE
2025-12-23,161.25999450683594,162.58999633789062,161.17999267578125,161.9499969482422,161.9499969482422,1997500,0.0,0.0,ICE,ICE
2025-12-24,161.94000244140625,163.1999969482422,161.77999877929688,162.6300048828125,162.6300048828125,761800,0.0,0.0,ICE,ICE
2025-12-26,162.4499969482422,163.5500030517578,162.19000244140625,163.52000427246094,163.52000427246094,1045000,0.0,0.0,ICE,ICE
2025-12-29,163.6199951171875,164.4199981689453,162.7899932861328,163.97999572753906,163.97999572753906,1582300,0.0,0.0,ICE,ICE
2025-12-30,163.50999450683594,163.97000122070312,163.0,163.16000366210938,163.16000366210938,1142500,0.0,0.0,ICE,ICE
2025-12-31,162.80999755859375,163.77000427246094,161.9199981689453,161.9600067138672,161.9600067138672,1342600,0.0,0.0,ICE,ICE
2026-01-02,161.33999633789062,161.5399932861328,159.58999633789062,159.99000549316406,159.99000549316406,2068700,0.0,0.0,ICE,ICE
2026-01-05,159.47999572753906,166.39999389648438,159.2100067138672,165.6199951171875,165.6199951171875,3370200,0.0,0.0,ICE,ICE
2026-01-06,165.94000244140625,166.99000549316406,165.1699981689453,166.00999450683594,166.00999450683594,2605100,0.0,0.0,ICE,ICE
2026-01-07,165.99000549316406,166.85000610351562,161.91000366210938,161.9199981689453,161.9199981689453,2544900,0.0,0.0,ICE,ICE
2026-01-08,161.35000610351562,164.2899932861328,161.24000549316406,161.97999572753906,161.97999572753906,2852400,0.0,0.0,ICE,ICE
2026-01-09,162.5399932861328,166.0800018310547,162.10000610351562,165.97999572753906,165.97999572753906,3310500,0.0,0.0,ICE,ICE
2026-01-12,166.67999267578125,169.63999938964844,165.7100067138672,166.25,166.25,4244600,0.0,0.0,ICE,ICE
2026-01-13,166.25,166.75,163.60000610351562,166.69000244140625,166.69000244140625,2968500,0.0,0.0,ICE,ICE
2026-01-14,166.44000244140625,173.0500030517578,165.91000366210938,172.94000244140625,172.94000244140625,5261800,0.0,0.0,ICE,ICE
2026-01-15,173.77999877929688,174.3800048828125,171.2100067138672,173.27999877929688,173.27999877929688,4660100,0.0,0.0,ICE,ICE
2026-01-16,173.2100067138672,175.36000061035156,171.86000061035156,173.97999572753906,173.97999572753906,4415800,0.0,0.0,ICE,ICE
2026-01-20,171.0,174.2899932861328,169.4199981689453,170.9499969482422,170.9499969482422,3771000,0.0,0.0,ICE,ICE
2026-01-21,171.4600067138672,173.25999450683594,171.32000732421875,171.89999389648438,171.89999389648438,2597700,0.0,0.0,ICE,ICE
2026-01-22,171.97000122070312,174.82000732421875,171.75,174.35000610351562,174.35000610351562,2967900,0.0,0.0,ICE,ICE
2026-01-23,174.1300048828125,174.42999267578125,172.64999389648438,172.92999267578125,172.92999267578125,2697900,0.0,0.0,ICE,ICE
2026-01-26,173.19000244140625,175.3800048828125,172.9600067138672,175.10000610351562,175.10000610351562,2615800,0.0,0.0,ICE,ICE
2026-01-27,174.55999755859375,175.3800048828125,172.85000610351562,173.27999877929688,173.27999877929688,2866900,0.0,0.0,ICE,ICE
2026-01-28,172.52000427246094,173.75,171.36000061035156,172.44000244140625,172.44000244140625,3209300,0.0,0.0,ICE,ICE
2026-01-29,173.0399932861328,176.0500030517578,173.0399932861328,175.10000610351562,175.10000610351562,3193100,0.0,0.0,ICE,ICE
2026-01-30,174.24000549316406,175.0500030517578,171.2100067138672,173.77999877929688,173.77999877929688,3305900,0.0,0.0,ICE,ICE
2026-02-02,174.0,175.38999938964844,171.1699981689453,173.17999267578125,173.17999267578125,3467200,0.0,0.0,ICE,ICE
2026-02-03,170.5800018310547,171.1999969482422,158.8300018310547,163.07000732421875,163.07000732421875,9070400,0.0,0.0,ICE,ICE
2026-02-04,161.58999633789062,165.47999572753906,159.8300018310547,164.85000610351562,164.85000610351562,6603600,0.0,0.0,ICE,ICE
2026-02-05,168.67999267578125,174.30999755859375,166.00999450683594,168.2899932861328,168.2899932861328,5663800,0.0,0.0,ICE,ICE
2026-02-06,169.85000610351562,173.86000061035156,166.80999755859375,169.0,169.0,3539800,0.0,0.0,ICE,ICE
2026-02-09,168.4600067138672,170.8699951171875,168.27000427246094,169.47999572753906,169.47999572753906,3332300,0.0,0.0,ICE,ICE
2026-02-10,164.5,168.2100067138672,163.57000732421875,164.80999755859375,164.80999755859375,4870100,0.0,0.0,ICE,ICE
2026-02-11,164.3800048828125,164.99000549316406,151.0500030517578,151.99000549316406,151.99000549316406,9096900,0.0,0.0,ICE,ICE
2026-02-12,151.63999938964844,152.1300048828125,144.17999267578125,149.8300018310547,149.8300018310547,11830400,0.0,0.0,ICE,ICE
2026-02-13,151.3000030517578,153.36000061035156,150.97000122070312,152.27999877929688,152.27999877929688,4166300,0.0,0.0,ICE,ICE
2026-02-17,152.77000427246094,154.52999877929688,149.3699951171875,153.44000244140625,153.44000244140625,5868900,0.0,0.0,ICE,ICE
2026-02-18,154.77000427246094,155.92999267578125,153.6699981689453,155.19000244140625,155.19000244140625,3086400,0.0,0.0,ICE,ICE
2026-02-19,154.0,155.9499969482422,152.39999389648438,154.11000061035156,154.11000061035156,3727900,0.0,0.0,ICE,ICE
2026-02-20,154.27000427246094,155.41000366210938,152.38999938964844,154.00999450683594,154.00999450683594,3370600,0.0,0.0,ICE,ICE
2026-02-23,153.3800048828125,154.88999938964844,151.77000427246094,154.10000610351562,154.10000610351562,3639600,0.0,0.0,ICE,ICE
2026-02-24,153.5399932861328,156.82000732421875,153.5399932861328,155.36000061035156,155.36000061035156,3114200,0.0,0.0,ICE,ICE
2026-02-25,156.07000732421875,160.85000610351562,155.42999267578125,160.3300018310547,160.3300018310547,6195300,0.0,0.0,ICE,ICE
2026-02-26,161.47000122070312,163.22999572753906,160.8300018310547,162.88999938964844,162.88999938964844,3209600,0.0,0.0,ICE,ICE
2026-02-27,161.8300018310547,165.75,161.0,164.1300048828125,164.1300048828125,4346800,0.0,0.0,ICE,ICE
2026-03-02,165.25999450683594,168.0,163.99000549316406,164.77999877929688,164.77999877929688,4452400,0.0,0.0,ICE,ICE
2026-03-03,163.3699951171875,166.77999877929688,163.0399932861328,164.77999877929688,164.77999877929688,4186400,0.0,0.0,ICE,ICE
2026-03-04,163.47000122070312,166.5399932861328,161.80999755859375,166.2899932861328,166.2899932861328,2840300,0.0,0.0,ICE,ICE
2026-03-05,164.6699981689453,167.14999389648438,163.00999450683594,164.0,164.0,4117400,0.0,0.0,ICE,ICE
2026-03-06,164.0500030517578,167.3000030517578,162.5800018310547,166.19000244140625,166.19000244140625,4552900,0.0,0.0,ICE,ICE
2026-03-09,164.9600067138672,166.35000610351562,162.5,165.8000030517578,165.8000030517578,3458700,0.0,0.0,ICE,ICE
2026-03-10,164.86000061035156,164.86000061035156,158.85000610351562,160.1699981689453,160.1699981689453,3398100,0.0,0.0,ICE,ICE
2026-03-11,159.4199981689453,159.9199981689453,153.63999938964844,157.02000427246094,157.02000427246094,4585300,0.0,0.0,ICE,ICE
2026-03-12,157.86000061035156,159.77000427246094,156.97000122070312,158.61000061035156,158.61000061035156,3585900,0.0,0.0,ICE,ICE
2026-03-13,159.8699951171875,160.60000610351562,157.8800048828125,159.1999969482422,159.1999969482422,1880340,0.0,0.0,ICE,ICE
2026-03-16,160.8300018310547,161.50999450683594,159.8699951171875,160.7050018310547,160.7050018310547,554614,0.0,0.0,ICE,ICE
2026-03-17,161.25,162.8699951171875,160.16000366210938,160.82000732421875,160.82000732421875,2095500,0.52,0.0,ICE,ICE
2026-03-18,159.16000366210938,159.9600067138672,156.88999938964844,157.16000366210938,157.16000366210938,2938100,0.0,0.0,ICE,ICE
2026-03-19,156.94000244140625,159.1699981689453,155.9600067138672,158.5,158.5,3286700,0.0,0.0,ICE,ICE
2026-03-20,159.11000061035156,159.38999938964844,157.6999969482422,158.42999267578125,158.42999267578125,4516000,0.0,0.0,ICE,ICE
2026-03-23,159.27999877929688,159.75999450683594,156.52999877929688,157.1699981689453,157.1699981689453,3290500,0.0,0.0,ICE,ICE
2026-03-24,156.50999450683594,157.02999877929688,153.97999572753906,155.82000732421875,155.82000732421875,3106600,0.0,0.0,ICE,ICE
2026-03-25,156.66000366210938,158.0399932861328,153.5800018310547,156.8300018310547,156.8300018310547,4118800,0.0,0.0,ICE,ICE
2026-03-26,156.1699981689453,157.3800048828125,155.52999877929688,155.9600067138672,155.9600067138672,3031300,0.0,0.0,ICE,ICE
2026-03-27,155.69000244140625,156.49000549316406,152.3800048828125,152.6699981689453,152.6699981689453,2702200,0.0,0.0,ICE,ICE
2026-03-30,154.19000244140625,157.25,153.89999389648438,156.94000244140625,156.94000244140625,2928500,0.0,0.0,ICE,ICE
2026-03-31,158.08999633789062,158.94000244140625,155.91000366210938,157.27999877929688,157.27999877929688,3754900,0.0,0.0,ICE,ICE
2026-04-01,156.77000427246094,158.5,155.24000549316406,158.0800018310547,158.0800018310547,2789300,0.0,0.0,ICE,ICE
2026-04-02,158.1300048828125,163.64999389648438,158.0399932861328,162.97999572753906,162.97999572753906,4308400,0.0,0.0,ICE,ICE
2026-04-06,163.27000427246094,167.0,163.27000427246094,166.38999938964844,166.38999938964844,2348200,0.0,0.0,ICE,ICE
2026-04-07,166.72999572753906,167.77999877929688,165.97999572753906,166.3000030517578,166.3000030517578,2568700,0.0,0.0,ICE,ICE
2026-04-08,165.4199981689453,168.1999969482422,163.8000030517578,167.7899932861328,167.7899932861328,2509900,0.0,0.0,ICE,ICE
2026-04-09,167.52999877929688,167.75,161.66000366210938,161.97000122070312,161.97000122070312,3434300,0.0,0.0,ICE,ICE
2026-04-10,161.07000732421875,162.61000061035156,157.77999877929688,160.60000610351562,160.60000610351562,2754500,0.0,0.0,ICE,ICE
2026-04-13,160.47000122070312,164.61000061035156,160.47000122070312,164.30999755859375,164.30999755859375,1871600,0.0,0.0,ICE,ICE
2026-04-14,163.4600067138672,164.16000366210938,161.50999450683594,162.0399932861328,162.0399932861328,2684500,0.0,0.0,ICE,ICE
2026-04-15,163.19000244140625,165.8000030517578,162.3300018310547,165.07000732421875,165.07000732421875,2001800,0.0,0.0,ICE,ICE
2026-04-16,165.07000732421875,165.88999938964844,162.89999389648438,163.75,163.75,2847500,0.0,0.0,ICE,ICE
2026-04-17,164.0,164.3300018310547,159.83999633789062,161.24000549316406,161.24000549316406,4881700,0.0,0.0,ICE,ICE
2026-04-20,161.41000366210938,163.0,160.3000030517578,160.61000061035156,160.61000061035156,2752600,0.0,0.0,ICE,ICE
2026-04-21,160.89999389648438,161.92999267578125,158.3000030517578,158.6300048828125,158.6300048828125,3103800,0.0,0.0,ICE,ICE
2026-04-22,159.58999633789062,160.2899932861328,158.05999755859375,158.82000732421875,158.82000732421875,2239000,0.0,0.0,ICE,ICE
2026-04-23,158.16000366210938,159.25,155.30999755859375,157.47999572753906,157.47999572753906,2593800,0.0,0.0,ICE,ICE
2026-04-24,156.39999389648438,158.94000244140625,155.8300018310547,158.4499969482422,158.4499969482422,2975100,0.0,0.0,ICE,ICE
2026-04-27,159.4199981689453,159.44000244140625,156.8699951171875,156.9499969482422,156.9499969482422,2956900,0.0,0.0,ICE,ICE
2026-04-28,158.89999389648438,159.69000244140625,156.0500030517578,156.3000030517578,156.3000030517578,2772000,0.0,0.0,ICE,ICE
2026-04-29,155.0,156.4499969482422,153.9600067138672,156.19000244140625,156.19000244140625,2794900,0.0,0.0,ICE,ICE
2026-04-30,155.05999755859375,161.33999633789062,152.5,158.08999633789062,158.08999633789062,5847300,0.0,0.0,ICE,ICE
2026-05-01,159.05999755859375,161.0,154.74000549316406,154.75,154.75,3222600,0.0,0.0,ICE,ICE
2026-05-04,154.3000030517578,158.5800018310547,154.3000030517578,156.44000244140625,156.44000244140625,3988100,0.0,0.0,ICE,ICE
2026-05-05,157.00999450683594,157.41000366210938,153.4499969482422,155.27999877929688,155.27999877929688,4650500,0.0,0.0,ICE,ICE
2026-05-06,155.27000427246094,155.85000610351562,153.3000030517578,153.39999389648438,153.39999389648438,3104400,0.0,0.0,ICE,ICE
2026-05-07,152.4199981689453,156.35000610351562,152.35000610351562,156.11000061035156,156.11000061035156,3549700,0.0,0.0,ICE,ICE
2026-05-08,156.0800018310547,156.97000122070312,153.58999633789062,155.82000732421875,155.82000732421875,2952900,0.0,0.0,ICE,ICE
2026-05-11,155.05999755859375,157.86000061035156,154.0500030517578,157.82000732421875,157.82000732421875,2886900,0.0,0.0,ICE,ICE
2026-05-12,158.11000061035156,158.89999389648438,155.35000610351562,155.80999755859375,155.80999755859375,2810400,0.0,0.0,ICE,ICE
2026-05-13,154.77000427246094,155.6199951171875,152.6699981689453,154.8000030517578,154.8000030517578,2097900,0.0,0.0,ICE,ICE
2026-05-14,155.82000732421875,155.90989685058594,154.00999450683594,155.39500427246094,155.39500427246094,186638,0.0,0.0,ICE,ICE
